Location Name,Date,Battery Electric Vehicles (BEVs),Plug-In Hybrid Electric Vehicles (PHEVs),Electric Vehicle (EV) Total,Non-Electric Vehicle Total,Total Vehicles
Adams,April 30 2017,2,3,5,17199,17204
Adams,April 30 2018,5,4,9,17671,17680
Adams,April 30 2019,5,6,11,17759,17770
Adams,April 30 2020,7,7,14,17960,17974
Adams,April 30 2021,11,9,20,18458,18478
Adams,April 30 2022,16,10,26,18462,18488
Adams,April 30 2023,26,12,38,18361,18399
Adams,August 31 2017,3,3,6,17278,17284
Adams,August 31 2018,5,5,10,17855,17865
Adams,August 31 2019,5,5,10,17979,17989
Adams,August 31 2020,9,7,16,18169,18185
Adams,August 31 2021,16,14,30,18452,18482
Adams,August 31 2022,22,9,31,18399,18430
Adams,August 31 2023,28,12,40,18057,18097
Adams,December 31 2017,4,5,9,17533,17542
Adams,December 31 2018,5,6,11,17891,17902
Adams,December 31 2019,6,7,13,18132,18145
Adams,December 31 2020,10,7,17,18296,18313
Adams,December 31 2021,17,14,31,18499,18530
Adams,December 31 2022,24,11,35,18413,18448
Adams,February 28 2017,2,2,4,17196,17200
Adams,February 28 2018,5,4,9,17594,17603
Adams,February 28 2019,4,6,10,17778,17788
Adams,February 28 2021,10,6,16,18318,18334
Adams,February 28 2022,17,14,31,18476,18507
Adams,February 28 2023,23,11,34,18397,18431
Adams,February 29 2020,7,7,14,18132,18146
Adams,January 31 2017,1,1,2,17251,17253
Adams,January 31 2018,4,4,8,17588,17596
Adams,January 31 2019,5,6,11,17882,17893
Adams,January 31 2020,7,7,14,18122,18136
Adams,January 31 2021,10,6,16,18317,18333
Adams,January 31 2022,17,14,31,18472,18503
Adams,January 31 2023,23,11,34,18405,18439
Adams,July 31 2017,3,3,6,17305,17311
Adams,July 31 2018,5,5,10,17800,17810
Adams,July 31 2019,5,6,11,17965,17976
Adams,July 31 2020,9,7,16,18147,18163
Adams,July 31 2021,16,12,28,18428,18456
Adams,July 31 2022,20,10,30,18393,18423
Adams,July 31 2023,27,12,39,18212,18251
Adams,June 30 2017,2,3,5,17308,17313
Adams,June 30 2018,5,5,10,17779,17789
Adams,June 30 2019,5,6,11,17883,17894
Adams,June 30 2020,9,7,16,18047,18063
Adams,June 30 2021,16,11,27,18419,18446
Adams,June 30 2022,18,10,28,18399,18427
Adams,June 30 2023,28,12,40,18330,18370
Adams,March 31 2017,2,4,6,17176,17182
Adams,March 31 2018,5,4,9,17619,17628
Adams,March 31 2019,4,6,10,17735,17745
Adams,March 31 2020,7,7,14,18108,18122
Adams,March 31 2021,10,7,17,18370,18387
Adams,March 31 2022,16,11,27,18467,18494
Adams,March 31 2023,25,11,36,18393,18429
Adams,May 31 2017,2,3,5,17274,17279
Adams,May 31 2018,5,5,10,17753,17763
Adams,May 31 2019,5,6,11,17839,17850
Adams,May 31 2020,8,7,15,17934,17949
Adams,May 31 2021,11,9,20,18415,18435
Adams,May 31 2022,16,10,26,18428,18454
Adams,May 31 2023,27,12,39,18355,18394
Adams,November 30 2017,3,5,8,17496,17504
Adams,November 30 2018,5,5,10,17907,17917
Adams,November 30 2019,6,7,13,18110,18123
Adams,November 30 2020,10,6,16,18266,18282
Adams,November 30 2021,16,14,30,18463,18493
Adams,November 30 2022,23,11,34,18434,18468
Adams,October 31 2017,3,3,6,17415,17421
Adams,October 31 2018,5,5,10,17869,17879
Adams,October 31 2019,6,6,12,18065,18077
Adams,October 31 2020,8,7,15,18269,18284
Adams,October 31 2021,16,14,30,18441,18471
Adams,October 31 2022,23,12,35,18470,18505
Adams,September 30 2017,3,3,6,17383,17389
Adams,September 30 2018,5,5,10,17838,17848
Adams,September 30 2019,5,5,10,18025,18035
Adams,September 30 2020,8,7,15,18225,18240
Adams,September 30 2021,16,14,30,18446,18476
Adams,September 30 2022,23,10,33,18435,18468
Adams,September 30 2023,30,12,42,17686,17728
Asotin,April 30 2017,6,2,8,18845,18853
Asotin,April 30 2018,8,6,14,19232,19246
Asotin,April 30 2019,12,8,20,19288,19308
Asotin,April 30 2020,16,12,28,19060,19088
Asotin,April 30 2021,19,14,33,19425,19458
Asotin,April 30 2022,24,19,43,19450,19493
Asotin,April 30 2023,33,21,54,18986,19040
Asotin,August 31 2017,8,5,13,18957,18970
Asotin,August 31 2018,11,8,19,19311,19330
Asotin,August 31 2019,12,7,19,19325,19344
Asotin,August 31 2020,17,14,31,19022,19053
Asotin,August 31 2021,21,17,38,19480,19518
Asotin,August 31 2022,24,18,42,19291,19333
Asotin,August 31 2023,38,24,62,18798,18860
Asotin,December 31 2017,8,5,13,19060,19073
Asotin,December 31 2018,12,9,21,19359,19380
Asotin,December 31 2019,14,9,23,19387,19410
Asotin,December 31 2020,16,13,29,19087,19116
Asotin,December 31 2021,22,17,39,19468,19507
Asotin,December 31 2022,29,20,49,19161,19210
Asotin,February 28 2017,4,3,7,18798,18805
Asotin,February 28 2018,8,5,13,19166,19179
Asotin,February 28 2019,12,9,21,19326,19347
Asotin,February 28 2021,17,14,31,19180,19211
Asotin,February 28 2022,22,18,40,19376,19416
Asotin,February 28 2023,30,20,50,19139,19189
Asotin,February 29 2020,16,11,27,19365,19392
Asotin,January 31 2017,4,3,7,18805,18812
Asotin,January 31 2018,8,5,13,19105,19118
Asotin,January 31 2019,12,9,21,19374,19395
Asotin,January 31 2020,17,11,28,19442,19470
Asotin,January 31 2021,16,13,29,19130,19159
Asotin,January 31 2022,23,17,40,19397,19437
Asotin,January 31 2023,30,20,50,19164,19214
Asotin,July 31 2017,8,4,12,18969,18981
Asotin,July 31 2018,11,8,19,19264,19283
Asotin,July 31 2019,12,8,20,19317,19337
Asotin,July 31 2020,16,12,28,19030,19058
Asotin,July 31 2021,21,17,38,19473,19511
Asotin,July 31 2022,24,19,43,19322,19365
Asotin,July 31 2023,36,24,60,18928,18988
Asotin,June 30 2017,6,3,9,18927,18936
Asotin,June 30 2018,9,6,15,19217,19232
Asotin,June 30 2019,12,8,20,19307,19327
Asotin,June 30 2020,16,12,28,18958,18986
Asotin,June 30 2021,20,17,37,19517,19554
Asotin,June 30 2022,23,19,42,19447,19489
Asotin,June 30 2023,35,22,57,19025,19082
Asotin,March 31 2017,5,2,7,18845,18852
Asotin,March 31 2018,8,5,13,19218,19231
Asotin,March 31 2019,12,9,21,19292,19313
Asotin,March 31 2020,16,12,28,19262,19290
Asotin,March 31 2021,17,14,31,19292,19323
Asotin,March 31 2022,22,18,40,19408,19448
Asotin,March 31 2023,31,21,52,19086,19138
Asotin,May 31 2017,6,3,9,18865,18874
Asotin,May 31 2018,8,6,14,19232,19246
Asotin,May 31 2019,12,8,20,19326,19346
Asotin,May 31 2020,16,12,28,18924,18952
Asotin,May 31 2021,19,14,33,19480,19513
Asotin,May 31 2022,23,19,42,19433,19475
Asotin,May 31 2023,34,20,54,19027,19081
Asotin,November 30 2017,7,5,12,19064,19076
Asotin,November 30 2018,12,9,21,19346,19367
Asotin,November 30 2019,13,8,21,19348,19369
Asotin,November 30 2020,17,14,31,19075,19106
Asotin,November 30 2021,21,17,38,19510,19548
Asotin,November 30 2022,29,20,49,19195,19244
Asotin,October 31 2017,7,5,12,19000,19012
Asotin,October 31 2018,12,9,21,19349,19370
Asotin,October 31 2019,12,8,20,19337,19357
Asotin,October 31 2020,17,14,31,19085,19116
Asotin,October 31 2021,21,17,38,19515,19553
Asotin,October 31 2022,26,19,45,19234,19279
Asotin,September 30 2017,7,5,12,18968,18980
Asotin,September 30 2018,11,8,19,19308,19327
Asotin,September 30 2019,12,8,20,19312,19332
Asotin,September 30 2020,17,14,31,19090,19121
Asotin,September 30 2021,20,17,37,19488,19525
Asotin,September 30 2022,25,19,44,19301,19345
Asotin,September 30 2023,39,25,64,18493,18557
Benton,April 30 2017,143,140,283,167969,168252
Benton,April 30 2018,178,188,366,171791,172157
Benton,April 30 2019,248,263,511,174949,175460
Benton,April 30 2020,348,321,669,177025,177694
Benton,April 30 2021,496,377,873,179761,180634
Benton,April 30 2022,716,446,1162,179036,180198
Benton,April 30 2023,1110,547,1657,178700,180357
Benton,August 31 2017,161,147,308,169200,169508
Benton,August 31 2018,189,198,387,173429,173816
Benton,August 31 2019,280,291,571,176505,177076
Benton,August 31 2020,380,322,702,177323,178025
Benton,August 31 2021,567,409,976,179782,180758
Benton,August 31 2022,820,472,1292,178737,180029
Benton,August 31 2023,1227,579,1806,175622,177428
Benton,December 31 2017,172,168,340,170797,171137
Benton,December 31 2018,227,235,462,174479,174941
Benton,December 31 2019,315,308,623,177712,178335
Benton,December 31 2020,440,355,795,178169,178964
Benton,December 31 2021,639,445,1084,179780,180864
Benton,December 31 2022,943,500,1443,179143,180586
Benton,February 28 2017,134,133,267,167386,167653
Benton,February 28 2018,175,179,354,171200,171554
Benton,February 28 2019,233,245,478,174534,175012
Benton,February 28 2021,460,362,822,178441,179263
Benton,February 28 2022,664,451,1115,179446,180561
Benton,February 28 2023,1004,519,1523,179179,180702
Benton,February 29 2020,338,320,658,177871,178529
Benton,January 31 2017,129,129,258,167665,167923
Benton,January 31 2018,175,179,354,171326,171680
Benton,January 31 2019,232,243,475,174829,175304
Benton,January 31 2020,337,315,652,177863,178515
Benton,January 31 2021,453,358,811,178463,179274
Benton,January 31 2022,654,453,1107,179517,180624
Benton,January 31 2023,974,512,1486,179294,180780
Benton,July 31 2017,155,148,303,168792,169095
Benton,July 31 2018,193,197,390,172818,173208
Benton,July 31 2019,270,289,559,176222,176781
Benton,July 31 2020,373,321,694,177166,177860
Benton,July 31 2021,540,397,937,179899,180836
Benton,July 31 2022,783,462,1245,178760,180005
Benton,July 31 2023,1196,572,1768,176897,178665
Benton,June 30 2017,148,143,291,168560,168851
Benton,June 30 2018,192,199,391,172496,172887
Benton,June 30 2019,259,279,538,175694,176232
Benton,June 30 2020,359,321,680,176912,177592
Benton,June 30 2021,518,394,912,180006,180918
Benton,June 30 2022,754,461,1215,178887,180102
Benton,June 30 2023,1166,566,1732,177778,179510
Benton,March 31 2017,140,139,279,167780,168059
Benton,March 31 2018,176,187,363,171573,171936
Benton,March 31 2019,236,251,487,174514,175001
Benton,March 31 2020,344,319,663,177669,178332
Benton,March 31 2021,466,369,835,179010,179845
Benton,March 31 2022,699,444,1143,179331,180474
Benton,March 31 2023,1057,533,1590,179037,180627
Benton,May 31 2017,146,142,288,168255,168543
Benton,May 31 2018,188,195,383,172282,172665
Benton,May 31 2019,253,272,525,175471,175996
Benton,May 31 2020,354,321,675,176623,177298
Benton,May 31 2021,504,385,889,179746,180635
Benton,May 31 2022,731,455,1186,178775,179961
Benton,May 31 2023,1143,558,1701,178283,179984
Benton,November 30 2017,165,160,325,170376,170701
Benton,November 30 2018,210,224,434,174220,174654
Benton,November 30 2019,310,308,618,177506,178124
Benton,November 30 2020,426,348,774,177876,178650
Benton,November 30 2021,625,435,1060,179626,180686
Benton,November 30 2022,920,492,1412,179266,180678
Benton,October 31 2017,164,155,319,169791,170110
Benton,October 31 2018,192,217,409,173991,174400
Benton,October 31 2019,307,302,609,177297,177906
Benton,October 31 2020,403,339,742,177723,178465
Benton,October 31 2021,595,426,1021,179685,180706
Benton,October 31 2022,873,486,1359,179057,180416
Benton,September 30 2017,163,150,313,169529,169842
Benton,September 30 2018,188,209,397,173770,174167
Benton,September 30 2019,291,297,588,176829,177417
Benton,September 30 2020,394,329,723,177449,178172
Benton,September 30 2021,581,414,995,179910,180905
Benton,September 30 2022,838,481,1319,178954,180273
Benton,September 30 2023,1264,589,1853,172393,174246
Chelan,April 30 2017,55,31,86,72901,72987
Chelan,April 30 2018,98,45,143,75161,75304
Chelan,April 30 2019,147,66,213,76464,76677
Chelan,April 30 2020,224,80,304,76688,76992
Chelan,April 30 2021,314,93,407,77735,78142
Chelan,April 30 2022,447,124,571,77576,78147
Chelan,April 30 2023,629,155,784,77248,78032
Chelan,August 31 2017,72,36,108,73671,73779
Chelan,August 31 2018,114,55,169,75705,75874
Chelan,August 31 2019,165,70,235,76816,77051
Chelan,August 31 2020,248,80,328,76847,77175
Chelan,August 31 2021,364,102,466,77798,78264
Chelan,August 31 2022,491,134,625,77226,77851
Chelan,August 31 2023,692,172,864,76277,77141
Chelan,December 31 2017,86,38,124,74645,74769
Chelan,December 31 2018,140,61,201,76188,76389
Chelan,December 31 2019,201,78,279,77168,77447
Chelan,December 31 2020,278,88,366,77302,77668
Chelan,December 31 2021,408,114,522,77787,78309
Chelan,December 31 2022,547,143,690,77351,78041
Chelan,February 28 2017,55,29,84,73003,73087
Chelan,February 28 2018,94,39,133,74904,75037
Chelan,February 28 2019,145,66,211,76252,76463
Chelan,February 28 2021,301,88,389,77364,77753
Chelan,February 28 2022,429,121,550,77633,78183
Chelan,February 28 2023,583,152,735,77433,78168
Chelan,February 29 2020,216,78,294,77176,77470
Chelan,January 31 2017,54,28,82,73158,73240
Chelan,January 31 2018,94,38,132,74910,75042
Chelan,January 31 2019,140,64,204,76310,76514
Chelan,January 31 2020,213,77,290,77187,77477
Chelan,January 31 2021,294,87,381,77319,77700
Chelan,January 31 2022,421,117,538,77642,78180
Chelan,January 31 2023,569,147,716,77452,78168
Chelan,July 31 2017,68,35,103,73461,73564
Chelan,July 31 2018,112,52,164,75523,75687
Chelan,July 31 2019,161,68,229,76776,77005
Chelan,July 31 2020,240,82,322,76856,77178
Chelan,July 31 2021,350,101,451,77811,78262
Chelan,July 31 2022,481,125,606,77273,77879
Chelan,July 31 2023,673,167,840,76794,77634
Chelan,June 30 2017,67,37,104,73344,73448
Chelan,June 30 2018,110,53,163,75426,75589
Chelan,June 30 2019,157,68,225,76631,76856
Chelan,June 30 2020,231,78,309,76702,77011
Chelan,June 30 2021,336,99,435,77867,78302
Chelan,June 30 2022,464,126,590,77404,77994
Chelan,June 30 2023,667,164,831,77070,77901
Chelan,March 31 2017,55,30,85,72896,72981
Chelan,March 31 2018,96,41,137,75067,75204
Chelan,March 31 2019,144,67,211,76280,76491
Chelan,March 31 2020,220,79,299,77030,77329
Chelan,March 31 2021,304,94,398,77518,77916
Chelan,March 31 2022,437,122,559,77635,78194
Chelan,March 31 2023,603,151,754,77344,78098
Chelan,May 31 2017,60,36,96,73121,73217
Chelan,May 31 2018,103,49,152,75319,75471
Chelan,May 31 2019,153,67,220,76576,76796
Chelan,May 31 2020,228,78,306,76541,76847
Chelan,May 31 2021,322,98,420,77826,78246
Chelan,May 31 2022,452,126,578,77432,78010
Chelan,May 31 2023,646,160,806,77215,78021
Chelan,November 30 2017,83,36,119,74350,74469
Chelan,November 30 2018,135,60,195,76143,76338
Chelan,November 30 2019,196,75,271,77156,77427
Chelan,November 30 2020,271,84,355,77149,77504
Chelan,November 30 2021,400,113,513,77790,78303
Chelan,November 30 2022,534,142,676,77390,78066
Chelan,October 31 2017,77,36,113,74205,74318
Chelan,October 31 2018,126,59,185,75988,76173
Chelan,October 31 2019,191,75,266,77146,77412
Chelan,October 31 2020,265,82,347,77137,77484
Chelan,October 31 2021,385,110,495,77747,78242
Chelan,October 31 2022,514,140,654,77254,77908
Chelan,September 30 2017,75,37,112,73915,74027
Chelan,September 30 2018,117,59,176,75829,76005
Chelan,September 30 2019,174,71,245,76925,77170
Chelan,September 30 2020,260,80,340,77029,77369
Chelan,September 30 2021,375,104,479,77858,78337
Chelan,September 30 2022,499,135,634,77202,77836
Chelan,September 30 2023,701,183,884,74843,75727
Clallam,April 30 2017,80,68,148,69083,69231
Clallam,April 30 2018,117,105,222,70964,71186
Clallam,April 30 2019,160,132,292,72136,72428
Clallam,April 30 2020,220,166,386,72029,72415
Clallam,April 30 2021,310,206,516,72385,72901
Clallam,April 30 2022,405,241,646,71808,72454
Clallam,April 30 2023,537,278,815,70764,71579
Clallam,August 31 2017,96,79,175,69603,69778
Clallam,August 31 2018,128,115,243,71589,71832
Clallam,August 31 2019,185,148,333,72547,72880
Clallam,August 31 2020,240,171,411,71644,72055
Clallam,August 31 2021,351,220,571,72520,73091
Clallam,August 31 2022,439,247,686,71405,72091
Clallam,August 31 2023,615,297,912,69684,70596
Clallam,December 31 2017,99,91,190,70273,70463
Clallam,December 31 2018,150,124,274,71992,72266
Clallam,December 31 2019,197,157,354,72732,73086
Clallam,December 31 2020,274,185,459,71745,72204
Clallam,December 31 2021,384,239,623,72498,73121
Clallam,December 31 2022,490,262,752,71294,72046
Clallam,February 28 2017,75,64,139,69004,69143
Clallam,February 28 2018,109,101,210,70644,70854
Clallam,February 28 2019,153,127,280,71918,72198
Clallam,February 28 2021,283,195,478,71883,72361
Clallam,February 28 2022,394,243,637,72230,72867
Clallam,February 28 2023,516,272,788,71153,71941
Clallam,February 29 2020,207,163,370,72635,73005
Clallam,January 31 2017,73,64,137,69043,69180
Clallam,January 31 2018,106,95,201,70561,70762
Clallam,January 31 2019,152,128,280,72031,72311
Clallam,January 31 2020,204,163,367,72760,73127
Clallam,January 31 2021,282,190,472,71832,72304
Clallam,January 31 2022,392,241,633,72368,73001
Clallam,January 31 2023,508,267,775,71215,71990
Clallam,July 31 2017,93,77,170,69458,69628
Clallam,July 31 2018,127,111,238,71453,71691
Clallam,July 31 2019,178,144,322,72446,72768
Clallam,July 31 2020,238,169,407,71746,72153
Clallam,July 31 2021,342,220,562,72488,73050
Clallam,July 31 2022,435,246,681,71534,72215
Clallam,July 31 2023,586,292,878,70150,71028
Clallam,June 30 2017,90,76,166,69386,69552
Clallam,June 30 2018,124,112,236,71352,71588
Clallam,June 30 2019,174,141,315,72235,72550
Clallam,June 30 2020,229,168,397,71846,72243
Clallam,June 30 2021,330,217,547,72506,73053
Clallam,June 30 2022,424,249,673,71702,72375
Clallam,June 30 2023,567,283,850,70461,71311
Clallam,March 31 2017,77,65,142,69112,69254
Clallam,March 31 2018,119,104,223,70817,71040
Clallam,March 31 2019,154,129,283,71931,72214
Clallam,March 31 2020,215,166,381,72470,72851
Clallam,March 31 2021,300,199,499,72068,72567
Clallam,March 31 2022,403,240,643,72019,72662
Clallam,March 31 2023,525,275,800,70964,71764
Clallam,May 31 2017,84,74,158,69159,69317
Clallam,May 31 2018,119,110,229,71194,71423
Clallam,May 31 2019,167,137,304,72307,72611
Clallam,May 31 2020,223,165,388,71779,72167
Clallam,May 31 2021,322,208,530,72422,72952
Clallam,May 31 2022,411,244,655,71720,72375
Clallam,May 31 2023,554,280,834,70567,71401
Clallam,November 30 2017,98,86,184,70045,70229
Clallam,November 30 2018,147,121,268,71934,72202
Clallam,November 30 2019,196,153,349,72747,73096
Clallam,November 30 2020,263,176,439,71647,72086
Clallam,November 30 2021,373,238,611,72613,73224
Clallam,November 30 2022,478,261,739,71306,72045
Clallam,October 31 2017,96,85,181,69867,70048
Clallam,October 31 2018,136,119,255,71868,72123
Clallam,October 31 2019,195,150,345,72775,73120
Clallam,October 31 2020,253,173,426,71652,72078
Clallam,October 31 2021,366,235,601,72575,73176
Clallam,October 31 2022,463,256,719,71330,72049
Clallam,September 30 2017,95,83,178,69692,69870
Clallam,September 30 2018,129,122,251,71654,71905
Clallam,September 30 2019,186,151,337,72691,73028
Clallam,September 30 2020,246,173,419,71651,72070
Clallam,September 30 2021,360,229,589,72560,73149
Clallam,September 30 2022,448,249,697,71354,72051
Clallam,September 30 2023,618,299,917,68732,69649
Clark,April 30 2017,755,471,1226,376031,377257
Clark,April 30 2018,943,657,1600,385167,386767
Clark,April 30 2019,1414,897,2311,392669,394980
Clark,April 30 2020,1992,1056,3048,400550,403598
Clark,April 30 2021,2681,1330,4011,405776,409787
Clark,April 30 2022,3866,1692,5558,401021,406579
Clark,April 30 2023,5545,2218,7763,394739,402502
Clark,August 31 2017,794,528,1322,378669,379991
Clark,August 31 2018,1069,765,1834,388506,390340
Clark,August 31 2019,1647,960,2607,396387,398994
Clark,August 31 2020,2135,1076,3211,400910,404121
Clark,August 31 2021,3072,1473,4545,406217,410762
Clark,August 31 2022,4362,1852,6214,397828,404042
Clark,August 31 2023,6412,2418,8830,388715,397545
Clark,December 31 2017,851,573,1424,382649,384073
Clark,December 31 2018,1246,841,2087,391215,393302
Clark,December 31 2019,1843,1044,2887,399023,401910
Clark,December 31 2020,2356,1180,3536,402963,406499
Clark,December 31 2021,3475,1562,5037,404265,409302
Clark,December 31 2022,4974,2029,7003,396900,403903
Clark,February 28 2017,695,434,1129,375454,376583
Clark,February 28 2018,888,616,1504,383863,385367
Clark,February 28 2019,1337,866,2203,391804,394007
Clark,February 28 2021,2505,1245,3750,402439,406189
Clark,February 28 2022,3629,1600,5229,402818,408047
Clark,February 28 2023,5254,2109,7363,395843,403206
Clark,February 29 2020,1970,1059,3029,402492,405521
Clark,January 31 2017,673,426,1099,375337,376436
Clark,January 31 2018,873,599,1472,383870,385342
Clark,January 31 2019,1313,868,2181,392042,394223
Clark,January 31 2020,1940,1055,2995,401719,404714
Clark,January 31 2021,2459,1211,3670,402924,406594
Clark,January 31 2022,3543,1572,5115,403293,408408
Clark,January 31 2023,5141,2076,7217,396609,403826
Clark,July 31 2017,795,517,1312,377688,379000
Clark,July 31 2018,1042,744,1786,387876,389662
Clark,July 31 2019,1588,945,2533,395515,398048
Clark,July 31 2020,2097,1066,3163,400348,403511
Clark,July 31 2021,2977,1459,4436,406605,411041
Clark,July 31 2022,4236,1806,6042,398042,404084
Clark,July 31 2023,6117,2371,8488,391549,400037
Clark,June 30 2017,787,504,1291,377195,378486
Clark,June 30 2018,1009,719,1728,387076,388804
Clark,June 30 2019,1538,927,2465,394168,396633
Clark,June 30 2020,2014,1058,3072,399870,402942
Clark,June 30 2021,2841,1423,4264,406852,411116
Clark,June 30 2022,4100,1781,5881,399403,405284
Clark,June 30 2023,5944,2332,8276,393364,401640
Clark,March 31 2017,718,454,1172,375839,377011
Clark,March 31 2018,918,641,1559,384617,386176
Clark,March 31 2019,1358,882,2240,391950,394190
Clark,March 31 2020,1983,1061,3044,402303,405347
Clark,March 31 2021,2578,1276,3854,403823,407677
Clark,March 31 2022,3745,1656,5401,401743,407144
Clark,March 31 2023,5375,2163,7538,395358,402896
Clark,May 31 2017,770,489,1259,376391,377650
Clark,May 31 2018,963,696,1659,386055,387714
Clark,May 31 2019,1475,914,2389,393422,395811
Clark,May 31 2020,2003,1055,3058,399353,402411
Clark,May 31 2021,2757,1368,4125,406096,410221
Clark,May 31 2022,3940,1735,5675,399622,405297
Clark,May 31 2023,5730,2286,8016,394308,402324
Clark,November 30 2017,840,558,1398,381428,382826
Clark,November 30 2018,1188,830,2018,390720,392738
Clark,November 30 2019,1806,1026,2832,398780,401612
Clark,November 30 2020,2284,1140,3424,402009,405433
Clark,November 30 2021,3363,1536,4899,404837,409736
Clark,November 30 2022,4818,1978,6796,397151,403947
Clark,October 31 2017,829,559,1388,380378,381766
Clark,October 31 2018,1149,814,1963,389985,391948
Clark,October 31 2019,1782,1017,2799,398090,400889
Clark,October 31 2020,2212,1121,3333,401960,405293
Clark,October 31 2021,3253,1514,4767,405047,409814
Clark,October 31 2022,4635,1925,6560,397228,403788
Clark,September 30 2017,810,542,1352,379266,380618
Clark,September 30 2018,1089,784,1873,389068,390941
Clark,September 30 2019,1700,983,2683,397038,399721
Clark,September 30 2020,2174,1098,3272,401229,404501
Clark,September 30 2021,3150,1486,4636,405902,410538
Clark,September 30 2022,4495,1889,6384,397762,404146
Clark,September 30 2023,6533,2458,8991,382564,391555
Columbia,April 30 2017,0,1,1,3895,3896
Columbia,April 30 2018,2,1,3,3938,3941
Columbia,April 30 2019,2,2,4,3973,3977
Columbia,April 30 2020,3,3,6,3932,3938
Columbia,April 30 2021,5,4,9,4037,4046
Columbia,April 30 2022,7,0,7,4031,4038
Columbia,April 30 2023,8,1,9,3966,3975
Columbia,August 31 2017,1,1,2,3894,3896
Columbia,August 31 2018,2,2,4,3951,3955
Columbia,August 31 2019,2,2,4,3987,3991
Columbia,August 31 2020,3,3,6,3949,3955
Columbia,August 31 2021,7,2,9,3996,4005
Columbia,August 31 2022,8,0,8,4006,4014
Columbia,August 31 2023,12,1,13,3933,3946
Columbia,December 31 2017,2,1,3,3944,3947
Columbia,December 31 2018,2,2,4,3939,3943
Columbia,December 31 2019,3,3,6,3987,3993
Columbia,December 31 2020,5,3,8,3983,3991
Columbia,December 31 2021,6,2,8,4004,4012
Columbia,December 31 2022,7,1,8,4023,4031
Columbia,February 28 2017,0,1,1,3866,3867
Columbia,February 28 2018,2,1,3,3943,3946
Columbia,February 28 2019,2,2,4,3956,3960
Columbia,February 28 2021,5,4,9,3995,4004
Columbia,February 28 2022,6,1,7,4025,4032
Columbia,February 28 2023,8,1,9,3999,4008
Columbia,February 29 2020,3,3,6,3969,3975
Columbia,January 31 2017,0,1,1,3875,3876
Columbia,January 31 2018,2,1,3,3947,3950
Columbia,January 31 2019,2,2,4,3953,3957
Columbia,January 31 2020,3,3,6,3982,3988
Columbia,January 31 2021,5,3,8,3998,4006
Columbia,January 31 2022,6,2,8,4006,4014
Columbia,January 31 2023,8,1,9,4013,4022
Columbia,July 31 2017,1,1,2,3884,3886
Columbia,July 31 2018,2,2,4,3950,3954
Columbia,July 31 2019,2,2,4,3984,3988
Columbia,July 31 2020,4,3,7,3959,3966
Columbia,July 31 2021,6,2,8,4026,4034
Columbia,July 31 2022,7,0,7,4003,4010
Columbia,July 31 2023,11,1,12,3954,3966
Columbia,June 30 2017,1,1,2,3885,3887
Columbia,June 30 2018,2,2,4,3952,3956
Columbia,June 30 2019,2,2,4,3983,3987
Columbia,June 30 2020,4,3,7,3947,3954
Columbia,June 30 2021,6,2,8,4013,4021
Columbia,June 30 2022,7,0,7,4020,4027
Columbia,June 30 2023,11,1,12,3960,3972
Columbia,March 31 2017,0,1,1,3885,3886
Columbia,March 31 2018,2,1,3,3942,3945
Columbia,March 31 2019,2,2,4,3955,3959
Columbia,March 31 2020,3,3,6,3950,3956
Columbia,March 31 2021,5,4,9,4014,4023
Columbia,March 31 2022,6,0,6,4034,4040
Columbia,March 31 2023,8,1,9,3989,3998
Columbia,May 31 2017,0,1,1,3897,3898
Columbia,May 31 2018,2,1,3,3939,3942
Columbia,May 31 2019,2,2,4,3976,3980
Columbia,May 31 2020,4,3,7,3928,3935
Columbia,May 31 2021,6,3,9,4027,4036
Columbia,May 31 2022,7,0,7,4019,4026
Columbia,May 31 2023,9,1,10,3971,3981
Columbia,November 30 2017,2,1,3,3929,3932
Columbia,November 30 2018,2,2,4,3954,3958
Columbia,November 30 2019,3,2,5,3979,3984
Columbia,November 30 2020,4,3,7,3968,3975
Columbia,November 30 2021,6,2,8,4009,4017
Columbia,November 30 2022,8,1,9,4017,4026
Columbia,October 31 2017,1,1,2,3936,3938
Columbia,October 31 2018,2,2,4,3951,3955
Columbia,October 31 2019,3,2,5,3969,3974
Columbia,October 31 2020,4,3,7,3970,3977
Columbia,October 31 2021,7,2,9,3974,3983
Columbia,October 31 2022,8,1,9,4020,4029
Columbia,September 30 2017,1,1,2,3936,3938
Columbia,September 30 2018,2,2,4,3951,3955
Columbia,September 30 2019,3,2,5,3983,3988
Columbia,September 30 2020,4,3,7,3953,3960
Columbia,September 30 2021,7,2,9,3986,3995
Columbia,September 30 2022,8,0,8,4011,4019
Columbia,September 30 2023,12,0,12,3882,3894
Cowlitz,April 30 2017,52,48,100,97174,97274
Cowlitz,April 30 2018,55,73,128,99655,99783
Cowlitz,April 30 2019,89,101,190,101598,101788
Cowlitz,April 30 2020,136,115,251,101483,101734
Cowlitz,April 30 2021,211,134,345,101693,102038
Cowlitz,April 30 2022,314,173,487,99647,100134
Cowlitz,April 30 2023,445,204,649,98218,98867
Cowlitz,August 31 2017,50,62,112,98002,98114
Cowlitz,August 31 2018,62,81,143,100600,100743
Cowlitz,August 31 2019,107,108,215,102186,102401
Cowlitz,August 31 2020,152,120,272,101041,101313
Cowlitz,August 31 2021,237,153,390,101204,101594
Cowlitz,August 31 2022,355,172,527,98895,99422
Cowlitz,August 31 2023,527,231,758,96418,97176
Cowlitz,December 31 2017,54,67,121,98898,99019
Cowlitz,December 31 2018,72,94,166,101177,101343
Cowlitz,December 31 2019,118,107,225,102680,102905
Cowlitz,December 31 2020,177,127,304,101051,101355
Cowlitz,December 31 2021,274,164,438,100557,100995
Cowlitz,December 31 2022,412,190,602,98697,99299
Cowlitz,February 28 2017,50,46,96,96921,97017
Cowlitz,February 28 2018,54,70,124,99125,99249
Cowlitz,February 28 2019,82,100,182,101167,101349
Cowlitz,February 28 2021,194,130,324,100912,101236
Cowlitz,February 28 2022,280,169,449,100167,100616
Cowlitz,February 28 2023,435,193,628,98616,99244
Cowlitz,February 29 2020,128,111,239,102455,102694
Cowlitz,January 31 2017,51,44,95,97057,97152
Cowlitz,January 31 2018,54,69,123,99175,99298
Cowlitz,January 31 2019,79,96,175,101285,101460
Cowlitz,January 31 2020,127,111,238,102633,102871
Cowlitz,January 31 2021,188,129,317,101135,101452
Cowlitz,January 31 2022,273,165,438,100235,100673
Cowlitz,January 31 2023,428,193,621,98618,99239
Cowlitz,July 31 2017,52,61,113,97726,97839
Cowlitz,July 31 2018,57,77,134,100436,100570
Cowlitz,July 31 2019,106,107,213,102010,102223
Cowlitz,July 31 2020,146,117,263,101109,101372
Cowlitz,July 31 2021,229,146,375,101363,101738
Cowlitz,July 31 2022,351,171,522,99042,99564
Cowlitz,July 31 2023,495,224,719,97255,97974
Cowlitz,June 30 2017,50,60,110,97562,97672
Cowlitz,June 30 2018,55,74,129,100195,100324
Cowlitz,June 30 2019,98,108,206,101880,102086
Cowlitz,June 30 2020,138,115,253,101186,101439
Cowlitz,June 30 2021,224,142,366,101472,101838
Cowlitz,June 30 2022,338,173,511,99290,99801
Cowlitz,June 30 2023,485,217,702,97729,98431
Cowlitz,March 31 2017,51,48,99,97200,97299
Cowlitz,March 31 2018,55,70,125,99500,99625
Cowlitz,March 31 2019,84,101,185,101325,101510
Cowlitz,March 31 2020,134,114,248,102020,102268
Cowlitz,March 31 2021,197,133,330,101213,101543
Cowlitz,March 31 2022,293,173,466,99949,100415
Cowlitz,March 31 2023,444,196,640,98402,99042
Cowlitz,May 31 2017,52,50,102,97405,97507
Cowlitz,May 31 2018,58,75,133,99880,100013
Cowlitz,May 31 2019,95,107,202,101753,101955
Cowlitz,May 31 2020,136,115,251,101118,101369
Cowlitz,May 31 2021,218,136,354,101591,101945
Cowlitz,May 31 2022,323,176,499,99306,99805
Cowlitz,May 31 2023,466,207,673,98081,98754
Cowlitz,November 30 2017,54,65,119,98736,98855
Cowlitz,November 30 2018,69,91,160,101097,101257
Cowlitz,November 30 2019,114,106,220,102621,102841
Cowlitz,November 30 2020,170,124,294,100887,101181
Cowlitz,November 30 2021,265,160,425,100797,101222
Cowlitz,November 30 2022,395,188,583,98672,99255
Cowlitz,October 31 2017,54,65,119,98543,98662
Cowlitz,October 31 2018,69,86,155,100825,100980
Cowlitz,October 31 2019,112,106,218,102591,102809
Cowlitz,October 31 2020,160,122,282,100993,101275
Cowlitz,October 31 2021,258,155,413,100926,101339
Cowlitz,October 31 2022,387,184,571,98750,99321
Cowlitz,September 30 2017,52,64,116,98311,98427
Cowlitz,September 30 2018,63,85,148,100628,100776
Cowlitz,September 30 2019,106,106,212,102265,102477
Cowlitz,September 30 2020,157,120,277,101095,101372
Cowlitz,September 30 2021,246,155,401,101072,101473
Cowlitz,September 30 2022,371,180,551,98834,99385
Cowlitz,September 30 2023,540,232,772,94658,95430
Douglas,April 30 2017,31,21,52,38055,38107
Douglas,April 30 2018,41,32,73,39324,39397
Douglas,April 30 2019,55,34,89,40150,40239
Douglas,April 30 2020,69,40,109,40288,40397
Douglas,April 30 2021,88,46,134,41100,41234
Douglas,April 30 2022,126,57,183,41271,41454
Douglas,April 30 2023,197,61,258,41531,41789
Douglas,August 31 2017,35,27,62,38408,38470
Douglas,August 31 2018,45,31,76,39822,39898
Douglas,August 31 2019,61,36,97,40444,40541
Douglas,August 31 2020,77,41,118,40352,40470
Douglas,August 31 2021,103,51,154,41258,41412
Douglas,August 31 2022,142,60,202,41138,41340
Douglas,August 31 2023,224,69,293,41204,41497
Douglas,December 31 2017,38,33,71,38932,39003
Douglas,December 31 2018,50,34,84,40171,40255
Douglas,December 31 2019,67,38,105,40607,40712
Douglas,December 31 2020,86,44,130,40688,40818
Douglas,December 31 2021,116,56,172,41310,41482
Douglas,December 31 2022,172,59,231,41330,41561
Douglas,February 28 2017,30,19,49,37935,37984
Douglas,February 28 2018,43,33,76,39132,39208
Douglas,February 28 2019,52,35,87,40107,40194
Douglas,February 28 2021,86,46,132,40769,40901
Douglas,February 28 2022,122,55,177,41245,41422
Douglas,February 28 2023,186,59,245,41505,41750
Douglas,February 29 2020,69,40,109,40591,40700
Douglas,January 31 2017,29,19,48,38007,38055
Douglas,January 31 2018,43,33,76,39017,39093
Douglas,January 31 2019,51,35,86,40185,40271
Douglas,January 31 2020,69,39,108,40679,40787
Douglas,January 31 2021,84,46,130,40707,40837
Douglas,January 31 2022,118,56,174,41269,41443
Douglas,January 31 2023,177,58,235,41465,41700
Douglas,July 31 2017,35,26,61,38272,38333
Douglas,July 31 2018,43,32,75,39693,39768
Douglas,July 31 2019,60,37,97,40300,40397
Douglas,July 31 2020,75,41,116,40403,40519
Douglas,July 31 2021,100,51,151,41202,41353
Douglas,July 31 2022,139,60,199,41148,41347
Douglas,July 31 2023,218,65,283,41510,41793
Douglas,June 30 2017,34,26,60,38244,38304
Douglas,June 30 2018,43,31,74,39600,39674
Douglas,June 30 2019,57,37,94,40215,40309
Douglas,June 30 2020,71,40,111,40311,40422
Douglas,June 30 2021,93,48,141,41205,41346
Douglas,June 30 2022,131,58,189,41284,41473
Douglas,June 30 2023,214,64,278,41623,41901
Douglas,March 31 2017,29,19,48,38034,38082
Douglas,March 31 2018,42,33,75,39276,39351
Douglas,March 31 2019,53,34,87,40048,40135
Douglas,March 31 2020,71,40,111,40507,40618
Douglas,March 31 2021,86,47,133,40938,41071
Douglas,March 31 2022,125,56,181,41254,41435
Douglas,March 31 2023,187,59,246,41538,41784
Douglas,May 31 2017,32,23,55,38169,38224
Douglas,May 31 2018,44,31,75,39445,39520
Douglas,May 31 2019,56,36,92,40189,40281
Douglas,May 31 2020,69,40,109,40243,40352
Douglas,May 31 2021,92,47,139,41183,41322
Douglas,May 31 2022,131,58,189,41283,41472
Douglas,May 31 2023,206,61,267,41618,41885
Douglas,November 30 2017,37,33,70,38778,38848
Douglas,November 30 2018,49,33,82,40092,40174
Douglas,November 30 2019,65,38,103,40589,40692
Douglas,November 30 2020,82,43,125,40581,40706
Douglas,November 30 2021,106,53,159,41304,41463
Douglas,November 30 2022,164,59,223,41311,41534
Douglas,October 31 2017,36,32,68,38627,38695
Douglas,October 31 2018,47,33,80,39973,40053
Douglas,October 31 2019,63,38,101,40567,40668
Douglas,October 31 2020,80,43,123,40487,40610
Douglas,October 31 2021,103,51,154,41256,41410
Douglas,October 31 2022,160,59,219,41244,41463
Douglas,September 30 2017,35,29,64,38523,38587
Douglas,September 30 2018,48,33,81,39864,39945
Douglas,September 30 2019,62,37,99,40481,40580
Douglas,September 30 2020,79,45,124,40424,40548
Douglas,September 30 2021,103,51,154,41286,41440
Douglas,September 30 2022,148,61,209,41222,41431
Douglas,September 30 2023,229,72,301,40467,40768
Ferry,April 30 2017,2,1,3,7949,7952
Ferry,April 30 2018,2,3,5,7916,7921
Ferry,April 30 2019,4,2,6,7964,7970
Ferry,April 30 2020,5,3,8,7876,7884
Ferry,April 30 2021,10,3,13,8057,8070
Ferry,April 30 2022,19,4,23,7972,7995
Ferry,April 30 2023,19,4,23,7910,7933
Ferry,August 31 2017,1,1,2,7931,7933
Ferry,August 31 2018,2,2,4,7973,7977
Ferry,August 31 2019,5,2,7,7995,8002
Ferry,August 31 2020,7,3,10,7893,7903
Ferry,August 31 2021,9,3,12,8021,8033
Ferry,August 31 2022,20,4,24,7983,8007
Ferry,August 31 2023,20,4,24,7720,7744
Ferry,December 31 2017,1,3,4,7928,7932
Ferry,December 31 2018,3,2,5,7970,7975
Ferry,December 31 2019,5,2,7,7980,7987
Ferry,December 31 2020,9,3,12,7970,7982
Ferry,December 31 2021,14,3,17,8037,8054
Ferry,December 31 2022,24,4,28,7893,7921
Ferry,February 28 2017,2,1,3,7955,7958
Ferry,February 28 2018,1,3,4,7926,7930
Ferry,February 28 2019,3,2,5,7971,7976
Ferry,February 28 2021,10,3,13,7959,7972
Ferry,February 28 2022,15,3,18,8008,8026
Ferry,February 28 2023,21,4,25,7915,7940
Ferry,February 29 2020,5,2,7,7957,7964
Ferry,January 31 2017,2,1,3,7969,7972
Ferry,January 31 2018,1,3,4,7955,7959
Ferry,January 31 2019,3,2,5,7980,7985
Ferry,January 31 2020,5,2,7,7969,7976
Ferry,January 31 2021,9,3,12,7949,7961
Ferry,January 31 2022,14,3,17,8016,8033
Ferry,January 31 2023,24,4,28,7901,7929
Ferry,July 31 2017,1,1,2,7929,7931
Ferry,July 31 2018,3,3,6,7962,7968
Ferry,July 31 2019,5,2,7,7981,7988
Ferry,July 31 2020,7,3,10,7900,7910
Ferry,July 31 2021,9,3,12,8027,8039
Ferry,July 31 2022,21,4,25,7942,7967
Ferry,July 31 2023,21,4,25,7831,7856
Ferry,June 30 2017,1,1,2,7934,7936
Ferry,June 30 2018,3,3,6,7940,7946
Ferry,June 30 2019,5,2,7,7960,7967
Ferry,June 30 2020,5,3,8,7887,7895
Ferry,June 30 2021,9,3,12,8016,8028
Ferry,June 30 2022,19,4,23,7984,8007
Ferry,June 30 2023,21,4,25,7872,7897
Ferry,March 31 2017,2,1,3,7943,7946
Ferry,March 31 2018,1,3,4,7911,7915
Ferry,March 31 2019,3,2,5,7958,7963
Ferry,March 31 2020,5,3,8,7931,7939
Ferry,March 31 2021,10,3,13,7975,7988
Ferry,March 31 2022,17,3,20,8000,8020
Ferry,March 31 2023,19,4,23,7907,7930
Ferry,May 31 2017,1,1,2,7956,7958
Ferry,May 31 2018,2,3,5,7923,7928
Ferry,May 31 2019,5,2,7,7972,7979
Ferry,May 31 2020,5,3,8,7873,7881
Ferry,May 31 2021,9,3,12,8036,8048
Ferry,May 31 2022,20,4,24,8002,8026
Ferry,May 31 2023,20,4,24,7873,7897
Ferry,November 30 2017,1,3,4,7955,7959
Ferry,November 30 2018,3,2,5,7967,7972
Ferry,November 30 2019,5,2,7,7997,8004
Ferry,November 30 2020,8,3,11,7947,7958
Ferry,November 30 2021,13,3,16,8057,8073
Ferry,November 30 2022,24,4,28,7949,7977
Ferry,October 31 2017,1,1,2,7948,7950
Ferry,October 31 2018,3,2,5,7974,7979
Ferry,October 31 2019,5,2,7,8002,8009
Ferry,October 31 2020,8,3,11,7949,7960
Ferry,October 31 2021,11,3,14,8038,8052
Ferry,October 31 2022,24,4,28,7972,8000
Ferry,September 30 2017,1,1,2,7921,7923
Ferry,September 30 2018,2,2,4,7967,7971
Ferry,September 30 2019,5,2,7,8008,8015
Ferry,September 30 2020,8,3,11,7889,7900
Ferry,September 30 2021,10,3,13,7995,8008
Ferry,September 30 2022,22,4,26,8013,8039
Ferry,September 30 2023,23,3,26,7575,7601
Franklin,April 30 2017,27,47,74,73342,73416
Franklin,April 30 2018,37,59,96,76002,76098
Franklin,April 30 2019,53,67,120,78684,78804
Franklin,April 30 2020,58,76,134,80572,80706
Franklin,April 30 2021,109,95,204,82621,82825
Franklin,April 30 2022,179,105,284,82929,83213
Franklin,April 30 2023,303,134,437,82747,83184
Franklin,August 31 2017,27,48,75,74162,74237
Franklin,August 31 2018,36,65,101,77167,77268
Franklin,August 31 2019,51,72,123,79725,79848
Franklin,August 31 2020,66,77,143,80975,81118
Franklin,August 31 2021,139,99,238,82665,82903
Franklin,August 31 2022,226,113,339,82836,83175
Franklin,August 31 2023,358,149,507,81549,82056
Franklin,December 31 2017,30,50,80,75353,75433
Franklin,December 31 2018,45,66,111,78179,78290
Franklin,December 31 2019,54,76,130,80757,80887
Franklin,December 31 2020,85,83,168,81795,81963
Franklin,December 31 2021,162,104,266,83150,83416
Franklin,December 31 2022,256,120,376,82740,83116
Franklin,February 28 2017,26,42,68,73127,73195
Franklin,February 28 2018,32,51,83,75587,75670
Franklin,February 28 2019,50,70,120,78412,78532
Franklin,February 28 2021,92,87,179,82110,82289
Franklin,February 28 2022,175,102,277,82991,83268
Franklin,February 28 2023,279,128,407,82846,83253
Franklin,February 29 2020,58,76,134,81021,81155
Franklin,January 31 2017,27,42,69,73312,73381
Franklin,January 31 2018,31,51,82,75578,75660
Franklin,January 31 2019,49,68,117,78450,78567
Franklin,January 31 2020,57,76,133,80939,81072
Franklin,January 31 2021,89,85,174,81985,82159
Franklin,January 31 2022,169,101,270,83037,83307
Franklin,January 31 2023,266,124,390,82841,83231
Franklin,July 31 2017,26,47,73,73909,73982
Franklin,July 31 2018,38,66,104,76920,77024
Franklin,July 31 2019,53,71,124,79510,79634
Franklin,July 31 2020,65,79,144,80868,81012
Franklin,July 31 2021,134,97,231,82775,83006
Franklin,July 31 2022,204,110,314,82713,83027
Franklin,July 31 2023,325,144,469,82171,82640
Franklin,June 30 2017,26,45,71,73736,73807
Franklin,June 30 2018,39,66,105,76522,76627
Franklin,June 30 2019,52,70,122,79180,79302
Franklin,June 30 2020,60,76,136,80612,80748
Franklin,June 30 2021,123,97,220,82704,82924
Franklin,June 30 2022,186,109,295,82882,83177
Franklin,June 30 2023,310,139,449,82510,82959
Franklin,March 31 2017,26,47,73,73270,73343
Franklin,March 31 2018,34,55,89,75832,75921
Franklin,March 31 2019,52,68,120,78504,78624
Franklin,March 31 2020,58,77,135,80914,81049
Franklin,March 31 2021,100,88,188,82270,82458
Franklin,March 31 2022,179,106,285,83013,83298
Franklin,March 31 2023,290,131,421,82761,83182
Franklin,May 31 2017,28,44,72,73549,73621
Franklin,May 31 2018,38,63,101,76336,76437
Franklin,May 31 2019,52,70,122,79036,79158
Franklin,May 31 2020,58,75,133,80438,80571
Franklin,May 31 2021,117,95,212,82604,82816
Franklin,May 31 2022,181,110,291,82938,83229
Franklin,May 31 2023,305,138,443,82703,83146
Franklin,November 30 2017,31,48,79,75095,75174
Franklin,November 30 2018,38,64,102,77929,78031
Franklin,November 30 2019,53,75,128,80511,80639
Franklin,November 30 2020,78,80,158,81538,81696
Franklin,November 30 2021,154,103,257,83053,83310
Franklin,November 30 2022,249,117,366,82726,83092
Franklin,October 31 2017,31,49,80,74832,74912
Franklin,October 31 2018,35,66,101,77703,77804
Franklin,October 31 2019,53,76,129,80280,80409
Franklin,October 31 2020,73,78,151,81468,81619
Franklin,October 31 2021,144,102,246,82846,83092
Franklin,October 31 2022,241,112,353,82671,83024
Franklin,September 30 2017,29,48,77,74429,74506
Franklin,September 30 2018,37,65,102,77389,77491
Franklin,September 30 2019,51,73,124,79895,80019
Franklin,September 30 2020,68,76,144,81211,81355
Franklin,September 30 2021,138,100,238,82837,83075
Franklin,September 30 2022,233,112,345,82822,83167
Franklin,September 30 2023,356,151,507,79915,80422
Garfield,April 30 2017,0,0,0,2220,2220
Garfield,April 30 2018,1,0,1,2279,2280
Garfield,April 30 2019,1,1,2,2255,2257
Garfield,April 30 2020,0,1,1,2308,2309
Garfield,April 30 2021,0,2,2,2382,2384
Garfield,April 30 2022,0,3,3,2321,2324
Garfield,April 30 2023,1,3,4,2297,2301
Garfield,August 31 2017,1,0,1,2233,2234
Garfield,August 31 2018,1,1,2,2273,2275
Garfield,August 31 2019,0,1,1,2264,2265
Garfield,August 31 2020,0,1,1,2343,2344
Garfield,August 31 2021,0,3,3,2371,2374
Garfield,August 31 2022,1,3,4,2298,2302
Garfield,August 31 2023,0,3,3,2247,2250
Garfield,December 31 2017,1,0,1,2263,2264
Garfield,December 31 2018,1,1,2,2293,2295
Garfield,December 31 2019,0,1,1,2274,2275
Garfield,December 31 2020,0,2,2,2362,2364
Garfield,December 31 2021,0,3,3,2350,2353
Garfield,December 31 2022,1,3,4,2289,2293
Garfield,February 28 2017,0,0,0,2223,2223
Garfield,February 28 2018,1,0,1,2264,2265
Garfield,February 28 2019,1,1,2,2284,2286
Garfield,February 28 2021,0,2,2,2361,2363
Garfield,February 28 2022,0,3,3,2350,2353
Garfield,February 28 2023,1,3,4,2296,2300
Garfield,February 29 2020,0,1,1,2313,2314
Garfield,January 31 2017,0,0,0,2225,2225
Garfield,January 31 2018,1,0,1,2273,2274
Garfield,January 31 2019,1,1,2,2293,2295
Garfield,January 31 2020,0,1,1,2289,2290
Garfield,January 31 2021,0,2,2,2364,2366
Garfield,January 31 2022,0,3,3,2350,2353
Garfield,January 31 2023,1,3,4,2293,2297
Garfield,July 31 2017,0,0,0,2221,2221
Garfield,July 31 2018,1,1,2,2275,2277
Garfield,July 31 2019,1,1,2,2258,2260
Garfield,July 31 2020,0,1,1,2337,2338
Garfield,July 31 2021,0,3,3,2378,2381
Garfield,July 31 2022,1,3,4,2301,2305
Garfield,July 31 2023,0,3,3,2271,2274
Garfield,June 30 2017,0,0,0,2234,2234
Garfield,June 30 2018,1,1,2,2265,2267
Garfield,June 30 2019,1,1,2,2261,2263
Garfield,June 30 2020,0,1,1,2324,2325
Garfield,June 30 2021,0,3,3,2372,2375
Garfield,June 30 2022,0,3,3,2305,2308
Garfield,June 30 2023,1,3,4,2269,2273
Garfield,March 31 2017,0,0,0,2222,2222
Garfield,March 31 2018,1,0,1,2281,2282
Garfield,March 31 2019,1,1,2,2263,2265
Garfield,March 31 2020,0,1,1,2325,2326
Garfield,March 31 2021,0,2,2,2376,2378
Garfield,March 31 2022,0,3,3,2330,2333
Garfield,March 31 2023,1,3,4,2302,2306
Garfield,May 31 2017,0,0,0,2218,2218
Garfield,May 31 2018,1,1,2,2281,2283
Garfield,May 31 2019,1,1,2,2246,2248
Garfield,May 31 2020,0,1,1,2313,2314
Garfield,May 31 2021,0,2,2,2368,2370
Garfield,May 31 2022,0,3,3,2309,2312
Garfield,May 31 2023,1,3,4,2282,2286
Garfield,November 30 2017,1,0,1,2249,2250
Garfield,November 30 2018,1,1,2,2294,2296
Garfield,November 30 2019,0,1,1,2268,2269
Garfield,November 30 2020,0,1,1,2359,2360
Garfield,November 30 2021,0,3,3,2344,2347
Garfield,November 30 2022,1,3,4,2288,2292
Garfield,October 31 2017,1,0,1,2257,2258
Garfield,October 31 2018,1,1,2,2289,2291
Garfield,October 31 2019,0,1,1,2263,2264
Garfield,October 31 2020,0,1,1,2342,2343
Garfield,October 31 2021,0,3,3,2353,2356
Garfield,October 31 2022,1,3,4,2291,2295
Garfield,September 30 2017,1,0,1,2234,2235
Garfield,September 30 2018,1,1,2,2285,2287
Garfield,September 30 2019,0,1,1,2280,2281
Garfield,September 30 2020,0,1,1,2334,2335
Garfield,September 30 2021,0,3,3,2363,2366
Garfield,September 30 2022,1,3,4,2293,2297
Garfield,September 30 2023,0,3,3,2197,2200
Grant,April 30 2017,18,21,39,85574,85613
Grant,April 30 2018,31,42,73,88651,88724
Grant,April 30 2019,35,60,95,90809,90904
Grant,April 30 2020,59,71,130,92258,92388
Grant,April 30 2021,102,86,188,94674,94862
Grant,April 30 2022,159,98,257,94955,95212
Grant,April 30 2023,277,114,391,94841,95232
Grant,August 31 2017,19,32,51,86543,86594
Grant,August 31 2018,34,49,83,89555,89638
Grant,August 31 2019,45,61,106,91904,92010
Grant,August 31 2020,66,75,141,92634,92775
Grant,August 31 2021,123,96,219,94841,95060
Grant,August 31 2022,199,106,305,94729,95034
Grant,August 31 2023,316,135,451,93775,94226
Grant,December 31 2017,26,35,61,87681,87742
Grant,December 31 2018,32,52,84,90452,90536
Grant,December 31 2019,55,68,123,92623,92746
Grant,December 31 2020,80,81,161,93423,93584
Grant,December 31 2021,137,98,235,94957,95192
Grant,December 31 2022,235,112,347,94927,95274
Grant,February 28 2017,16,21,37,85184,85221
Grant,February 28 2018,31,38,69,87992,88061
Grant,February 28 2019,33,55,88,90592,90680
Grant,February 28 2021,90,86,176,93730,93906
Grant,February 28 2022,142,99,241,94787,95028
Grant,February 28 2023,249,114,363,95028,95391
Grant,February 29 2020,58,70,128,92629,92757
Grant,January 31 2017,16,21,37,85420,85457
Grant,January 31 2018,29,37,66,87922,87988
Grant,January 31 2019,33,53,86,90687,90773
Grant,January 31 2020,58,71,129,92655,92784
Grant,January 31 2021,87,84,171,93691,93862
Grant,January 31 2022,140,100,240,94792,95032
Grant,January 31 2023,236,113,349,94975,95324
Grant,July 31 2017,19,30,49,86273,86322
Grant,July 31 2018,33,47,80,89210,89290
Grant,July 31 2019,43,61,104,91716,91820
Grant,July 31 2020,61,75,136,92455,92591
Grant,July 31 2021,120,90,210,94836,95046
Grant,July 31 2022,183,100,283,94611,94894
Grant,July 31 2023,306,131,437,94388,94825
Grant,June 30 2017,20,27,47,86059,86106
Grant,June 30 2018,31,45,76,89062,89138
Grant,June 30 2019,41,61,102,91333,91435
Grant,June 30 2020,59,71,130,92317,92447
Grant,June 30 2021,107,89,196,94872,95068
Grant,June 30 2022,175,99,274,94814,95088
Grant,June 30 2023,292,126,418,94834,95252
Grant,March 31 2017,17,21,38,85371,85409
Grant,March 31 2018,32,42,74,88346,88420
Grant,March 31 2019,34,55,89,90544,90633
Grant,March 31 2020,58,71,129,92544,92673
Grant,March 31 2021,93,87,180,94193,94373
Grant,March 31 2022,151,100,251,94891,95142
Grant,March 31 2023,263,113,376,95026,95402
Grant,May 31 2017,20,25,45,85890,85935
Grant,May 31 2018,30,44,74,88876,88950
Grant,May 31 2019,39,59,98,91090,91188
Grant,May 31 2020,59,70,129,92184,92313
Grant,May 31 2021,102,87,189,94724,94913
Grant,May 31 2022,166,97,263,94694,94957
Grant,May 31 2023,287,122,409,94877,95286
Grant,November 30 2017,24,33,57,87406,87463
Grant,November 30 2018,32,52,84,90193,90277
Grant,November 30 2019,53,65,118,92448,92566
Grant,November 30 2020,78,79,157,93176,93333
Grant,November 30 2021,131,97,228,94970,95198
Grant,November 30 2022,225,110,335,94790,95125
Grant,October 31 2017,20,33,53,87121,87174
Grant,October 31 2018,32,50,82,90004,90086
Grant,October 31 2019,55,64,119,92264,92383
Grant,October 31 2020,71,81,152,93126,93278
Grant,October 31 2021,133,95,228,94825,95053
Grant,October 31 2022,213,108,321,94724,95045
Grant,September 30 2017,20,33,53,86879,86932
Grant,September 30 2018,33,50,83,89834,89917
Grant,September 30 2019,48,63,111,91955,92066
Grant,September 30 2020,67,80,147,92876,93023
Grant,September 30 2021,125,97,222,94869,95091
Grant,September 30 2022,203,108,311,94746,95057
Grant,September 30 2023,332,143,475,91978,92453
Grays Harbor,April 30 2017,29,30,59,64325,64384
Grays Harbor,April 30 2018,47,52,99,66415,66514
Grays Harbor,April 30 2019,70,84,154,68056,68210
Grays Harbor,April 30 2020,106,110,216,68795,69011
Grays Harbor,April 30 2021,156,134,290,70771,71061
Grays Harbor,April 30 2022,200,158,358,70548,70906
Grays Harbor,April 30 2023,291,182,473,69327,69800
Grays Harbor,August 31 2017,37,37,74,64897,64971
Grays Harbor,August 31 2018,54,65,119,67295,67414
Grays Harbor,August 31 2019,88,85,173,68681,68854
Grays Harbor,August 31 2020,111,116,227,69385,69612
Grays Harbor,August 31 2021,177,147,324,70889,71213
Grays Harbor,August 31 2022,220,163,383,70030,70413
Grays Harbor,August 31 2023,336,200,536,68008,68544
Grays Harbor,December 31 2017,42,41,83,65884,65967
Grays Harbor,December 31 2018,62,72,134,67817,67951
Grays Harbor,December 31 2019,105,100,205,69159,69364
Grays Harbor,December 31 2020,127,122,249,69848,70097
Grays Harbor,December 31 2021,192,157,349,70821,71170
Grays Harbor,December 31 2022,248,160,408,69750,70158
Grays Harbor,February 28 2017,27,24,51,64070,64121
Grays Harbor,February 28 2018,42,44,86,66003,66089
Grays Harbor,February 28 2019,66,79,145,67769,67914
Grays Harbor,February 28 2021,142,130,272,70038,70310
Grays Harbor,February 28 2022,202,157,359,70641,71000
Grays Harbor,February 28 2023,274,171,445,69690,70135
Grays Harbor,February 29 2020,109,108,217,69178,69395
Grays Harbor,January 31 2017,27,24,51,64176,64227
Grays Harbor,January 31 2018,42,42,84,66059,66143
Grays Harbor,January 31 2019,67,76,143,67764,67907
Grays Harbor,January 31 2020,105,105,210,69327,69537
Grays Harbor,January 31 2021,133,126,259,70015,70274
Grays Harbor,January 31 2022,197,158,355,70676,71031
Grays Harbor,January 31 2023,262,164,426,69680,70106
Grays Harbor,July 31 2017,36,35,71,64741,64812
Grays Harbor,July 31 2018,54,62,116,66984,67100
Grays Harbor,July 31 2019,82,85,167,68529,68696
Grays Harbor,July 31 2020,109,112,221,69261,69482
Grays Harbor,July 31 2021,176,146,322,70928,71250
Grays Harbor,July 31 2022,216,162,378,70146,70524
Grays Harbor,July 31 2023,324,194,518,68648,69166
Grays Harbor,June 30 2017,35,31,66,64664,64730
Grays Harbor,June 30 2018,52,58,110,66798,66908
Grays Harbor,June 30 2019,73,85,158,68375,68533
Grays Harbor,June 30 2020,106,111,217,69048,69265
Grays Harbor,June 30 2021,168,144,312,70891,71203
Grays Harbor,June 30 2022,211,160,371,70348,70719
Grays Harbor,June 30 2023,304,188,492,69061,69553
Grays Harbor,March 31 2017,27,26,53,64282,64335
Grays Harbor,March 31 2018,45,46,91,66167,66258
Grays Harbor,March 31 2019,69,80,149,67961,68110
Grays Harbor,March 31 2020,107,109,216,69103,69319
Grays Harbor,March 31 2021,150,131,281,70283,70564
Grays Harbor,March 31 2022,205,157,362,70660,71022
Grays Harbor,March 31 2023,281,179,460,69478,69938
Grays Harbor,May 31 2017,31,30,61,64412,64473
Grays Harbor,May 31 2018,50,55,105,66591,66696
Grays Harbor,May 31 2019,73,84,157,68294,68451
Grays Harbor,May 31 2020,106,111,217,68780,68997
Grays Harbor,May 31 2021,161,139,300,70789,71089
Grays Harbor,May 31 2022,205,158,363,70378,70741
Grays Harbor,May 31 2023,297,182,479,69172,69651
Grays Harbor,November 30 2017,42,41,83,65598,65681
Grays Harbor,November 30 2018,61,68,129,67707,67836
Grays Harbor,November 30 2019,99,99,198,69094,69292
Grays Harbor,November 30 2020,122,117,239,69670,69909
Grays Harbor,November 30 2021,191,155,346,70919,71265
Grays Harbor,November 30 2022,245,161,406,69771,70177
Grays Harbor,October 31 2017,38,41,79,65378,65457
Grays Harbor,October 31 2018,60,66,126,67554,67680
Grays Harbor,October 31 2019,95,95,190,69029,69219
Grays Harbor,October 31 2020,118,117,235,69635,69870
Grays Harbor,October 31 2021,187,151,338,70870,71208
Grays Harbor,October 31 2022,233,166,399,69809,70208
Grays Harbor,September 30 2017,38,38,76,65105,65181
Grays Harbor,September 30 2018,55,65,120,67466,67586
Grays Harbor,September 30 2019,89,89,178,68727,68905
Grays Harbor,September 30 2020,115,116,231,69567,69798
Grays Harbor,September 30 2021,183,150,333,70876,71209
Grays Harbor,September 30 2022,226,166,392,69949,70341
Grays Harbor,September 30 2023,337,206,543,66792,67335
Island,April 30 2017,108,129,237,80282,80519
Island,April 30 2018,184,178,362,83100,83462
Island,April 30 2019,310,242,552,84479,85031
Island,April 30 2020,406,271,677,83977,84654
Island,April 30 2021,582,308,890,84770,85660
Island,April 30 2022,779,366,1145,83630,84775
Island,April 30 2023,1041,424,1465,82366,83831
Island,August 31 2017,124,150,274,81086,81360
Island,August 31 2018,216,205,421,83751,84172
Island,August 31 2019,335,245,580,84706,85286
Island,August 31 2020,435,274,709,83997,84706
Island,August 31 2021,645,318,963,84777,85740
Island,August 31 2022,865,379,1244,83112,84356
Island,August 31 2023,1184,448,1632,81178,82810
Island,December 31 2017,155,166,321,82309,82630
Island,December 31 2018,276,226,502,84337,84839
Island,December 31 2019,376,254,630,84936,85566
Island,December 31 2020,507,290,797,84339,85136
Island,December 31 2021,713,340,1053,84236,85289
Island,December 31 2022,946,397,1343,82746,84089
Island,February 28 2017,100,122,222,79934,80156
Island,February 28 2018,165,172,337,82683,83020
Island,February 28 2019,294,232,526,84322,84848
Island,February 28 2021,546,296,842,84267,85109
Island,February 28 2022,745,350,1095,83840,84935
Island,February 28 2023,996,412,1408,82551,83959
Island,February 29 2020,402,264,666,84776,85442
Island,January 31 2017,104,119,223,79923,80146
Island,January 31 2018,159,168,327,82605,82932
Island,January 31 2019,288,230,518,84437,84955
Island,January 31 2020,393,258,651,84920,85571
Island,January 31 2021,527,294,821,84351,85172
Island,January 31 2022,734,344,1078,84019,85097
Island,January 31 2023,975,401,1376,82694,84070
Island,July 31 2017,121,142,263,80761,81024
Island,July 31 2018,206,195,401,83548,83949
Island,July 31 2019,328,244,572,84774,85346
Island,July 31 2020,431,273,704,84069,84773
Island,July 31 2021,625,316,941,84760,85701
Island,July 31 2022,839,379,1218,83118,84336
Island,July 31 2023,1145,444,1589,81626,83215
Island,June 30 2017,117,137,254,80601,80855
Island,June 30 2018,197,189,386,83462,83848
Island,June 30 2019,317,241,558,84621,85179
Island,June 30 2020,421,269,690,83985,84675
Island,June 30 2021,617,317,934,84838,85772
Island,June 30 2022,821,378,1199,83257,84456
Island,June 30 2023,1108,441,1549,81996,83545
Island,March 31 2017,105,130,235,80089,80324
Island,March 31 2018,175,179,354,82890,83244
Island,March 31 2019,300,235,535,84286,84821
Island,March 31 2020,407,270,677,84480,85157
Island,March 31 2021,556,299,855,84422,85277
Island,March 31 2022,758,359,1117,83802,84919
Island,March 31 2023,1010,422,1432,82493,83925
Island,May 31 2017,113,130,243,80439,80682
Island,May 31 2018,187,178,365,83305,83670
Island,May 31 2019,315,235,550,84565,85115
Island,May 31 2020,410,271,681,83904,84585
Island,May 31 2021,599,310,909,84812,85721
Island,May 31 2022,797,372,1169,83405,84574
Island,May 31 2023,1074,431,1505,82191,83696
Island,November 30 2017,147,157,304,82020,82324
Island,November 30 2018,266,225,491,84261,84752
Island,November 30 2019,364,252,616,84954,85570
Island,November 30 2020,480,288,768,84209,84977
Island,November 30 2021,700,342,1042,84466,85508
Island,November 30 2022,935,393,1328,82740,84068
Island,October 31 2017,138,154,292,81659,81951
Island,October 31 2018,244,217,461,84149,84610
Island,October 31 2019,362,251,613,84925,85538
Island,October 31 2020,464,285,749,84181,84930
Island,October 31 2021,678,333,1011,84610,85621
Island,October 31 2022,913,388,1301,82869,84170
Island,September 30 2017,129,150,279,81400,81679
Island,September 30 2018,227,209,436,83944,84380
Island,September 30 2019,346,250,596,84745,85341
Island,September 30 2020,445,281,726,84105,84831
Island,September 30 2021,661,329,990,84748,85738
Island,September 30 2022,885,381,1266,82946,84212
Island,September 30 2023,1201,459,1660,79961,81621
Jefferson,April 30 2017,98,56,154,33186,33340
Jefferson,April 30 2018,134,88,222,33876,34098
Jefferson,April 30 2019,187,118,305,34546,34851
Jefferson,April 30 2020,234,142,376,34433,34809
Jefferson,April 30 2021,310,178,488,34520,35008
Jefferson,April 30 2022,415,210,625,34247,34872
Jefferson,April 30 2023,541,253,794,33527,34321
Jefferson,August 31 2017,112,64,176,33382,33558
Jefferson,August 31 2018,152,101,253,34298,34551
Jefferson,August 31 2019,205,122,327,34742,35069
Jefferson,August 31 2020,249,144,393,34185,34578
Jefferson,August 31 2021,350,183,533,34460,34993
Jefferson,August 31 2022,456,223,679,33923,34602
Jefferson,August 31 2023,605,267,872,33111,33983
Jefferson,December 31 2017,121,74,195,33757,33952
Jefferson,December 31 2018,168,106,274,34440,34714
Jefferson,December 31 2019,217,134,351,34827,35178
Jefferson,December 31 2020,285,155,440,34395,34835
Jefferson,December 31 2021,382,194,576,34345,34921
Jefferson,December 31 2022,486,230,716,33671,34387
Jefferson,February 28 2017,89,55,144,33073,33217
Jefferson,February 28 2018,127,80,207,33821,34028
Jefferson,February 28 2019,179,113,292,34480,34772
Jefferson,February 28 2021,295,168,463,34359,34822
Jefferson,February 28 2022,394,202,596,34251,34847
Jefferson,February 28 2023,518,242,760,33598,34358
Jefferson,February 29 2020,230,139,369,34808,35177
Jefferson,January 31 2017,87,53,140,33075,33215
Jefferson,January 31 2018,124,80,204,33836,34040
Jefferson,January 31 2019,175,112,287,34465,34752
Jefferson,January 31 2020,224,139,363,34865,35228
Jefferson,January 31 2021,290,166,456,34393,34849
Jefferson,January 31 2022,385,197,582,34254,34836
Jefferson,January 31 2023,501,236,737,33656,34393
Jefferson,July 31 2017,107,61,168,33310,33478
Jefferson,July 31 2018,147,99,246,34165,34411
Jefferson,July 31 2019,202,118,320,34741,35061
Jefferson,July 31 2020,249,142,391,34273,34664
Jefferson,July 31 2021,339,183,522,34498,35020
Jefferson,July 31 2022,445,219,664,33996,34660
Jefferson,July 31 2023,590,264,854,33314,34168
Jefferson,June 30 2017,104,61,165,33274,33439
Jefferson,June 30 2018,144,97,241,33998,34239
Jefferson,June 30 2019,197,119,316,34655,34971
Jefferson,June 30 2020,236,139,375,34324,34699
Jefferson,June 30 2021,331,184,515,34508,35023
Jefferson,June 30 2022,436,217,653,34045,34698
Jefferson,June 30 2023,574,258,832,33507,34339
Jefferson,March 31 2017,94,57,151,33095,33246
Jefferson,March 31 2018,132,88,220,33802,34022
Jefferson,March 31 2019,179,118,297,34518,34815
Jefferson,March 31 2020,234,141,375,34660,35035
Jefferson,March 31 2021,302,174,476,34413,34889
Jefferson,March 31 2022,408,207,615,34232,34847
Jefferson,March 31 2023,532,247,779,33589,34368
Jefferson,May 31 2017,103,59,162,33259,33421
Jefferson,May 31 2018,138,91,229,33925,34154
Jefferson,May 31 2019,191,119,310,34661,34971
Jefferson,May 31 2020,233,141,374,34328,34702
Jefferson,May 31 2021,322,181,503,34501,35004
Jefferson,May 31 2022,425,215,640,34101,34741
Jefferson,May 31 2023,562,261,823,33531,34354
Jefferson,November 30 2017,116,71,187,33643,33830
Jefferson,November 30 2018,169,104,273,34407,34680
Jefferson,November 30 2019,212,132,344,34829,35173
Jefferson,November 30 2020,276,153,429,34304,34733
Jefferson,November 30 2021,372,195,567,34381,34948
Jefferson,November 30 2022,480,229,709,33772,34481
Jefferson,October 31 2017,116,68,184,33510,33694
Jefferson,October 31 2018,163,101,264,34390,34654
Jefferson,October 31 2019,210,126,336,34824,35160
Jefferson,October 31 2020,260,151,411,34292,34703
Jefferson,October 31 2021,362,191,553,34361,34914
Jefferson,October 31 2022,469,225,694,33800,34494
Jefferson,September 30 2017,114,65,179,33428,33607
Jefferson,September 30 2018,153,99,252,34333,34585
Jefferson,September 30 2019,207,126,333,34800,35133
Jefferson,September 30 2020,257,148,405,34268,34673
Jefferson,September 30 2021,358,186,544,34420,34964
Jefferson,September 30 2022,457,224,681,33814,34495
Jefferson,September 30 2023,615,267,882,32615,33497
King,April 30 2017,9564,3883,13447,1567409,1580856
King,April 30 2018,12289,5291,17580,1551681,1569261
King,April 30 2019,18279,6872,25151,1565807,1590958
King,April 30 2020,24088,7696,31784,1567399,1599183
King,April 30 2021,29461,8753,38214,1554219,1592433
King,April 30 2022,39342,10824,50166,1532635,1582801
King,April 30 2023,54491,13756,68247,1497301,1565548
King,August 31 2017,10445,4268,14713,1559094,1573807
King,August 31 2018,13807,5939,19746,1556632,1576378
King,August 31 2019,20008,7203,27211,1575264,1602475
King,August 31 2020,25175,7814,32989,1554051,1587040
King,August 31 2021,32288,9551,41839,1549739,1591578
King,August 31 2022,43133,11638,54771,1525779,1580550
King,August 31 2023,62879,15250,78129,1478164,1556293
King,December 31 2017,11282,4685,15967,1555771,1571738
King,December 31 2018,16283,6531,22814,1560727,1583541
King,December 31 2019,21955,7543,29498,1576903,1606401
King,December 31 2020,26918,8171,35089,1554309,1589398
King,December 31 2021,35478,10219,45697,1542010,1587707
King,December 31 2022,48577,12255,60832,1516138,1576970
King,February 28 2017,9104,3714,12818,1575684,1588502
King,February 28 2018,11763,5020,16783,1552237,1569020
King,February 28 2019,17531,6763,24294,1561750,1586044
King,February 28 2021,28231,8448,36679,1549042,1585721
King,February 28 2022,37228,10522,47750,1537051,1584801
King,February 28 2023,51550,12813,64363,1508434,1572797
King,February 29 2020,23450,7675,31125,1582772,1613897
King,January 31 2017,8810,3622,12432,1578390,1590822
King,January 31 2018,11624,4879,16503,1555547,1572050
King,January 31 2019,17170,6679,23849,1563339,1587188
King,January 31 2020,23200,7620,30820,1581700,1612520
King,January 31 2021,27794,8324,36118,1551378,1587496
King,January 31 2022,36359,10402,46761,1538924,1585685
King,January 31 2023,50332,12520,62852,1512543,1575395
King,July 31 2017,10260,4175,14435,1560483,1574918
King,July 31 2018,13485,5803,19288,1555349,1574637
King,July 31 2019,19629,7113,26742,1573440,1600182
King,July 31 2020,24909,7756,32665,1553956,1586621
King,July 31 2021,31555,9349,40904,1551079,1591983
King,July 31 2022,42015,11448,53463,1527305,1580768
King,July 31 2023,60116,14868,74984,1487922,1562906
King,June 30 2017,10033,4105,14138,1563040,1577178
King,June 30 2018,13173,5679,18852,1554116,1572968
King,June 30 2019,19082,7014,26096,1571157,1597253
King,June 30 2020,24112,7712,31824,1553045,1584869
King,June 30 2021,30496,9167,39663,1552928,1592591
King,June 30 2022,40785,11313,52098,1530444,1582542
King,June 30 2023,58220,14640,72860,1495043,1567903
King,March 31 2017,9323,3788,13111,1572421,1585532
King,March 31 2018,11976,5153,17129,1551565,1568694
King,March 31 2019,17681,6780,24461,1563031,1587492
King,March 31 2020,23887,7720,31607,1579365,1610972
King,March 31 2021,28523,8567,37090,1549513,1586603
King,March 31 2022,37952,10703,48655,1534042,1582697
King,March 31 2023,52689,13156,65845,1499531,1565376
King,May 31 2017,9802,3991,13793,1565323,1579116
King,May 31 2018,12749,5481,18230,1552643,1570873
King,May 31 2019,18618,6949,25567,1569136,1594703
King,May 31 2020,24020,7688,31708,1556223,1587931
King,May 31 2021,30044,8922,38966,1553143,1592109
King,May 31 2022,40046,11049,51095,1530042,1581137
King,May 31 2023,56301,14179,70480,1496435,1566915
King,November 30 2017,11135,4615,15750,1556963,1572713
King,November 30 2018,15787,6399,22186,1559846,1582032
King,November 30 2019,21602,7457,29059,1577766,1606825
King,November 30 2020,26601,8083,34684,1555157,1589841
King,November 30 2021,34714,10086,44800,1545962,1590762
King,November 30 2022,47377,12052,59429,1519816,1579245
King,October 31 2017,10946,4484,15430,1557972,1573402
King,October 31 2018,15038,6222,21260,1559067,1580327
King,October 31 2019,21371,7392,28763,1578402,1607165
King,October 31 2020,25878,8012,33890,1556842,1590732
King,October 31 2021,33838,9912,43750,1547177,1590927
King,October 31 2022,45664,11921,57585,1522108,1579693
King,September 30 2017,10658,4351,15009,1558850,1573859
King,September 30 2018,14209,6080,20289,1556746,1577035
King,September 30 2019,20425,7283,27708,1577174,1604882
King,September 30 2020,25391,7895,33286,1555089,1588375
King,September 30 2021,32878,9687,42565,1549206,1591771
King,September 30 2022,43729,11788,55517,1524311,1579828
King,September 30 2023,63766,15499,79265,1456423,1535688
Kitsap,April 30 2017,585,298,883,224985,225868
Kitsap,April 30 2018,743,441,1184,230360,231544
Kitsap,April 30 2019,1008,575,1583,234065,235648
Kitsap,April 30 2020,1313,676,1989,234455,236444
Kitsap,April 30 2021,1732,814,2546,235078,237624
Kitsap,April 30 2022,2325,1020,3345,232807,236152
Kitsap,April 30 2023,3120,1233,4353,228647,233000
Kitsap,August 31 2017,638,336,974,226392,227366
Kitsap,August 31 2018,829,488,1317,232758,234075
Kitsap,August 31 2019,1113,633,1746,235663,237409
Kitsap,August 31 2020,1400,699,2099,233793,235892
Kitsap,August 31 2021,1951,888,2839,235012,237851
Kitsap,August 31 2022,2541,1092,3633,231091,234724
Kitsap,August 31 2023,3519,1346,4865,225039,229904
Kitsap,December 31 2017,694,377,1071,228551,229622
Kitsap,December 31 2018,946,544,1490,233459,234949
Kitsap,December 31 2019,1200,652,1852,236780,238632
Kitsap,December 31 2020,1555,756,2311,234172,236483
Kitsap,December 31 2021,2128,958,3086,234236,237322
Kitsap,December 31 2022,2799,1147,3946,230139,234085
Kitsap,February 28 2017,562,280,842,224460,225302
Kitsap,February 28 2018,717,418,1135,229213,230348
Kitsap,February 28 2019,988,571,1559,233475,235034
Kitsap,February 28 2021,1641,777,2418,233596,236014
Kitsap,February 28 2022,2229,982,3211,233639,236850
Kitsap,February 28 2023,2942,1172,4114,229673,233787
Kitsap,February 29 2020,1274,661,1935,236690,238625
Kitsap,January 31 2017,557,262,819,224785,225604
Kitsap,January 31 2018,707,402,1109,229154,230263
Kitsap,January 31 2019,981,556,1537,233660,235197
Kitsap,January 31 2020,1259,656,1915,236914,238829
Kitsap,January 31 2021,1606,765,2371,233588,235959
Kitsap,January 31 2022,2190,970,3160,233960,237120
Kitsap,January 31 2023,2878,1163,4041,230036,234077
Kitsap,July 31 2017,623,324,947,225896,226843
Kitsap,July 31 2018,810,473,1283,232213,233496
Kitsap,July 31 2019,1092,625,1717,235364,237081
Kitsap,July 31 2020,1377,696,2073,234008,236081
Kitsap,July 31 2021,1910,871,2781,235024,237805
Kitsap,July 31 2022,2475,1073,3548,231470,235018
Kitsap,July 31 2023,3382,1307,4689,226560,231249
Kitsap,June 30 2017,606,319,925,225896,226821
Kitsap,June 30 2018,797,460,1257,231723,232980
Kitsap,June 30 2019,1049,605,1654,234904,236558
Kitsap,June 30 2020,1330,686,2016,233863,235879
Kitsap,June 30 2021,1850,859,2709,234957,237666
Kitsap,June 30 2022,2396,1054,3450,232186,235636
Kitsap,June 30 2023,3301,1286,4587,227541,232128
Kitsap,March 31 2017,573,289,862,224796,225658
Kitsap,March 31 2018,741,428,1169,229851,231020
Kitsap,March 31 2019,997,569,1566,233655,235221
Kitsap,March 31 2020,1298,674,1972,235991,237963
Kitsap,March 31 2021,1674,800,2474,234110,236584
Kitsap,March 31 2022,2274,1006,3280,233173,236453
Kitsap,March 31 2023,3016,1201,4217,229235,233452
Kitsap,May 31 2017,596,302,898,225223,226121
Kitsap,May 31 2018,781,453,1234,230987,232221
Kitsap,May 31 2019,1035,588,1623,234705,236328
Kitsap,May 31 2020,1312,678,1990,233501,235491
Kitsap,May 31 2021,1795,833,2628,234929,237557
Kitsap,May 31 2022,2356,1031,3387,232228,235615
Kitsap,May 31 2023,3204,1247,4451,228205,232656
Kitsap,November 30 2017,677,367,1044,228013,229057
Kitsap,November 30 2018,916,522,1438,233985,235423
Kitsap,November 30 2019,1191,649,1840,236632,238472
Kitsap,November 30 2020,1520,737,2257,234036,236293
Kitsap,November 30 2021,2082,941,3023,234662,237685
Kitsap,November 30 2022,2726,1135,3861,230414,234275
Kitsap,October 31 2017,662,355,1017,227475,228492
Kitsap,October 31 2018,880,507,1387,233539,234926
Kitsap,October 31 2019,1178,645,1823,236493,238316
Kitsap,October 31 2020,1464,730,2194,233914,236108
Kitsap,October 31 2021,2041,916,2957,234799,237756
Kitsap,October 31 2022,2657,1125,3782,230615,234397
Kitsap,September 30 2017,654,346,1000,226907,227907
Kitsap,September 30 2018,842,499,1341,232988,234329
Kitsap,September 30 2019,1135,641,1776,235817,237593
Kitsap,September 30 2020,1426,713,2139,233811,235950
Kitsap,September 30 2021,1992,907,2899,235060,237959
Kitsap,September 30 2022,2594,1110,3704,230922,234626
Kitsap,September 30 2023,3629,1370,4999,221567,226566
Kittitas,April 30 2017,21,17,38,40675,40713
Kittitas,April 30 2018,40,32,72,42762,42834
Kittitas,April 30 2019,71,35,106,43780,43886
Kittitas,April 30 2020,101,49,150,44440,44590
Kittitas,April 30 2021,153,58,211,44747,44958
Kittitas,April 30 2022,236,78,314,44445,44759
Kittitas,April 30 2023,336,96,432,43907,44339
Kittitas,August 31 2017,27,21,48,41495,41543
Kittitas,August 31 2018,51,34,85,43229,43314
Kittitas,August 31 2019,79,44,123,44261,44384
Kittitas,August 31 2020,110,47,157,44313,44470
Kittitas,August 31 2021,173,72,245,44644,44889
Kittitas,August 31 2022,287,88,375,44207,44582
Kittitas,August 31 2023,390,107,497,43104,43601
Kittitas,December 31 2017,35,26,61,42248,42309
Kittitas,December 31 2018,66,37,103,43530,43633
Kittitas,December 31 2019,90,46,136,44667,44803
Kittitas,December 31 2020,127,51,178,44460,44638
Kittitas,December 31 2021,207,75,282,44626,44908
Kittitas,December 31 2022,305,93,398,44105,44503
Kittitas,February 28 2017,15,15,30,40440,40470
Kittitas,February 28 2018,36,27,63,42632,42695
Kittitas,February 28 2019,73,37,110,43702,43812
Kittitas,February 28 2021,142,53,195,44508,44703
Kittitas,February 28 2022,218,73,291,44520,44811
Kittitas,February 28 2023,327,92,419,44082,44501
Kittitas,February 29 2020,94,49,143,44653,44796
Kittitas,January 31 2017,15,16,31,40565,40596
Kittitas,January 31 2018,36,27,63,42507,42570
Kittitas,January 31 2019,69,36,105,43699,43804
Kittitas,January 31 2020,93,47,140,44736,44876
Kittitas,January 31 2021,134,52,186,44498,44684
Kittitas,January 31 2022,216,72,288,44570,44858
Kittitas,January 31 2023,316,94,410,44096,44506
Kittitas,July 31 2017,24,19,43,41254,41297
Kittitas,July 31 2018,48,32,80,43039,43119
Kittitas,July 31 2019,79,41,120,44161,44281
Kittitas,July 31 2020,104,47,151,44315,44466
Kittitas,July 31 2021,166,68,234,44762,44996
Kittitas,July 31 2022,279,86,365,44286,44651
Kittitas,July 31 2023,375,107,482,43455,43937
Kittitas,June 30 2017,21,17,38,41134,41172
Kittitas,June 30 2018,47,32,79,42977,43056
Kittitas,June 30 2019,81,38,119,44025,44144
Kittitas,June 30 2020,99,47,146,44385,44531
Kittitas,June 30 2021,160,67,227,44760,44987
Kittitas,June 30 2022,267,84,351,44399,44750
Kittitas,June 30 2023,363,106,469,43656,44125
Kittitas,March 31 2017,17,16,33,40535,40568
Kittitas,March 31 2018,40,30,70,42727,42797
Kittitas,March 31 2019,71,37,108,43684,43792
Kittitas,March 31 2020,98,49,147,44609,44756
Kittitas,March 31 2021,146,55,201,44637,44838
Kittitas,March 31 2022,225,75,300,44500,44800
Kittitas,March 31 2023,332,94,426,43988,44414
Kittitas,May 31 2017,22,17,39,40884,40923
Kittitas,May 31 2018,44,32,76,42926,43002
Kittitas,May 31 2019,72,35,107,43927,44034
Kittitas,May 31 2020,102,48,150,44321,44471
Kittitas,May 31 2021,155,62,217,44737,44954
Kittitas,May 31 2022,249,80,329,44416,44745
Kittitas,May 31 2023,350,104,454,43814,44268
Kittitas,November 30 2017,34,24,58,42025,42083
Kittitas,November 30 2018,61,34,95,43443,43538
Kittitas,November 30 2019,89,46,135,44620,44755
Kittitas,November 30 2020,125,52,177,44378,44555
Kittitas,November 30 2021,196,75,271,44635,44906
Kittitas,November 30 2022,301,93,394,44131,44525
Kittitas,October 31 2017,33,23,56,41808,41864
Kittitas,October 31 2018,57,35,92,43400,43492
Kittitas,October 31 2019,87,45,132,44571,44703
Kittitas,October 31 2020,121,49,170,44321,44491
Kittitas,October 31 2021,193,72,265,44606,44871
Kittitas,October 31 2022,296,94,390,44168,44558
Kittitas,September 30 2017,33,21,54,41641,41695
Kittitas,September 30 2018,55,36,91,43300,43391
Kittitas,September 30 2019,81,44,125,44389,44514
Kittitas,September 30 2020,113,48,161,44291,44452
Kittitas,September 30 2021,180,72,252,44636,44888
Kittitas,September 30 2022,294,91,385,44199,44584
Kittitas,September 30 2023,392,108,500,42278,42778
Klickitat,April 30 2017,22,23,45,22719,22764
Klickitat,April 30 2018,25,29,54,23118,23172
Klickitat,April 30 2019,33,33,66,23727,23793
Klickitat,April 30 2020,53,41,94,23615,23709
Klickitat,April 30 2021,67,47,114,23431,23545
Klickitat,April 30 2022,100,55,155,23523,23678
Klickitat,April 30 2023,147,60,207,23418,23625
Klickitat,August 31 2017,22,24,46,22750,22796
Klickitat,August 31 2018,24,32,56,23438,23494
Klickitat,August 31 2019,37,35,72,23914,23986
Klickitat,August 31 2020,57,42,99,23146,23245
Klickitat,August 31 2021,82,51,133,23687,23820
Klickitat,August 31 2022,108,54,162,23449,23611
Klickitat,August 31 2023,173,64,237,23054,23291
Klickitat,December 31 2017,24,26,50,22903,22953
Klickitat,December 31 2018,28,32,60,23638,23698
Klickitat,December 31 2019,46,38,84,23989,24073
Klickitat,December 31 2020,62,43,105,23065,23170
Klickitat,December 31 2021,89,53,142,23674,23816
Klickitat,December 31 2022,127,51,178,23382,23560
Klickitat,February 28 2017,20,22,42,22702,22744
Klickitat,February 28 2018,25,27,52,22980,23032
Klickitat,February 28 2019,30,32,62,23669,23731
Klickitat,February 28 2021,65,45,110,23113,23223
Klickitat,February 28 2022,92,53,145,23634,23779
Klickitat,February 28 2023,131,57,188,23424,23612
Klickitat,February 29 2020,49,41,90,23984,24074
Klickitat,January 31 2017,20,22,42,22735,22777
Klickitat,January 31 2018,24,26,50,22931,22981
Klickitat,January 31 2019,29,32,61,23711,23772
Klickitat,January 31 2020,48,39,87,23979,24066
Klickitat,January 31 2021,63,43,106,23103,23209
Klickitat,January 31 2022,90,54,144,23643,23787
Klickitat,January 31 2023,131,53,184,23412,23596
Klickitat,July 31 2017,23,24,47,22754,22801
Klickitat,July 31 2018,24,31,55,23343,23398
Klickitat,July 31 2019,35,33,68,23832,23900
Klickitat,July 31 2020,56,43,99,23229,23328
Klickitat,July 31 2021,77,50,127,23650,23777
Klickitat,July 31 2022,106,56,162,23479,23641
Klickitat,July 31 2023,167,66,233,23190,23423
Klickitat,June 30 2017,23,24,47,22768,22815
Klickitat,June 30 2018,25,30,55,23281,23336
Klickitat,June 30 2019,35,32,67,23806,23873
Klickitat,June 30 2020,53,41,94,23272,23366
Klickitat,June 30 2021,70,51,121,23576,23697
Klickitat,June 30 2022,103,55,158,23538,23696
Klickitat,June 30 2023,163,64,227,23291,23518
Klickitat,March 31 2017,21,23,44,22712,22756
Klickitat,March 31 2018,26,27,53,23016,23069
Klickitat,March 31 2019,32,31,63,23629,23692
Klickitat,March 31 2020,51,41,92,23867,23959
Klickitat,March 31 2021,65,46,111,23198,23309
Klickitat,March 31 2022,96,54,150,23643,23793
Klickitat,March 31 2023,139,59,198,23470,23668
Klickitat,May 31 2017,22,24,46,22751,22797
Klickitat,May 31 2018,26,30,56,23188,23244
Klickitat,May 31 2019,35,33,68,23785,23853
Klickitat,May 31 2020,53,40,93,23391,23484
Klickitat,May 31 2021,66,47,113,23496,23609
Klickitat,May 31 2022,100,54,154,23536,23690
Klickitat,May 31 2023,156,64,220,23391,23611
Klickitat,November 30 2017,24,26,50,22871,22921
Klickitat,November 30 2018,23,32,55,23602,23657
Klickitat,November 30 2019,45,38,83,23976,24059
Klickitat,November 30 2020,62,42,104,23059,23163
Klickitat,November 30 2021,88,52,140,23678,23818
Klickitat,November 30 2022,123,53,176,23370,23546
Klickitat,October 31 2017,23,27,50,22808,22858
Klickitat,October 31 2018,24,32,56,23541,23597
Klickitat,October 31 2019,43,37,80,23973,24053
Klickitat,October 31 2020,59,44,103,23089,23192
Klickitat,October 31 2021,87,51,138,23667,23805
Klickitat,October 31 2022,117,51,168,23349,23517
Klickitat,September 30 2017,23,26,49,22760,22809
Klickitat,September 30 2018,24,32,56,23497,23553
Klickitat,September 30 2019,38,36,74,23919,23993
Klickitat,September 30 2020,58,42,100,23126,23226
Klickitat,September 30 2021,83,51,134,23726,23860
Klickitat,September 30 2022,111,53,164,23397,23561
Klickitat,September 30 2023,184,68,252,22742,22994
Lewis,April 30 2017,46,33,79,79986,80065
Lewis,April 30 2018,78,51,129,82655,82784
Lewis,April 30 2019,95,91,186,84641,84827
Lewis,April 30 2020,99,106,205,84622,84827
Lewis,April 30 2021,146,135,281,86678,86959
Lewis,April 30 2022,232,171,403,85936,86339
Lewis,April 30 2023,308,197,505,84884,85389
Lewis,August 31 2017,55,38,93,80802,80895
Lewis,August 31 2018,83,62,145,83469,83614
Lewis,August 31 2019,105,96,201,85338,85539
Lewis,August 31 2020,112,117,229,84563,84792
Lewis,August 31 2021,181,151,332,86380,86712
Lewis,August 31 2022,243,177,420,86021,86441
Lewis,August 31 2023,352,249,601,83823,84424
Lewis,December 31 2017,54,40,94,81877,81971
Lewis,December 31 2018,93,77,170,83955,84125
Lewis,December 31 2019,106,102,208,85634,85842
Lewis,December 31 2020,123,122,245,85458,85703
Lewis,December 31 2021,206,164,370,86270,86640
Lewis,December 31 2022,269,182,451,86217,86668
Lewis,February 28 2017,45,31,76,79751,79827
Lewis,February 28 2018,52,45,97,82123,82220
Lewis,February 28 2019,96,84,180,84001,84181
Lewis,February 28 2021,127,132,259,85557,85816
Lewis,February 28 2022,221,166,387,86038,86425
Lewis,February 28 2023,296,187,483,85980,86463
Lewis,February 29 2020,108,105,213,85673,85886
Lewis,January 31 2017,43,30,73,79749,79822
Lewis,January 31 2018,52,43,95,82125,82220
Lewis,January 31 2019,95,82,177,84022,84199
Lewis,January 31 2020,109,104,213,85688,85901
Lewis,January 31 2021,126,131,257,85611,85868
Lewis,January 31 2022,213,165,378,86149,86527
Lewis,January 31 2023,283,186,469,86058,86527
Lewis,July 31 2017,52,36,88,80467,80555
Lewis,July 31 2018,83,59,142,83392,83534
Lewis,July 31 2019,100,96,196,85325,85521
Lewis,July 31 2020,107,115,222,84414,84636
Lewis,July 31 2021,165,144,309,86410,86719
Lewis,July 31 2022,246,177,423,86015,86438
Lewis,July 31 2023,343,221,564,84587,85151
Lewis,June 30 2017,51,34,85,80381,80466
Lewis,June 30 2018,80,59,139,83161,83300
Lewis,June 30 2019,99,92,191,85066,85257
Lewis,June 30 2020,102,111,213,84376,84589
Lewis,June 30 2021,163,139,302,86527,86829
Lewis,June 30 2022,235,177,412,86137,86549
Lewis,June 30 2023,337,209,546,84896,85442
Lewis,March 31 2017,45,34,79,79906,79985
Lewis,March 31 2018,55,47,102,82400,82502
Lewis,March 31 2019,95,90,185,84273,84458
Lewis,March 31 2020,105,108,213,85229,85442
Lewis,March 31 2021,130,134,264,86095,86359
Lewis,March 31 2022,226,164,390,85992,86382
Lewis,March 31 2023,300,193,493,84827,85320
Lewis,May 31 2017,49,33,82,80182,80264
Lewis,May 31 2018,78,54,132,82965,83097
Lewis,May 31 2019,97,93,190,84941,85131
Lewis,May 31 2020,99,108,207,84234,84441
Lewis,May 31 2021,157,135,292,86693,86985
Lewis,May 31 2022,231,173,404,85917,86321
Lewis,May 31 2023,316,206,522,84898,85420
Lewis,November 30 2017,53,39,92,81648,81740
Lewis,November 30 2018,89,71,160,83832,83992
Lewis,November 30 2019,109,103,212,85610,85822
Lewis,November 30 2020,117,117,234,85171,85405
Lewis,November 30 2021,199,163,362,86330,86692
Lewis,November 30 2022,262,178,440,86310,86750
Lewis,October 31 2017,53,39,92,81479,81571
Lewis,October 31 2018,88,70,158,83649,83807
Lewis,October 31 2019,108,102,210,85481,85691
Lewis,October 31 2020,114,115,229,84940,85169
Lewis,October 31 2021,194,158,352,86349,86701
Lewis,October 31 2022,263,179,442,86240,86682
Lewis,September 30 2017,53,38,91,81130,81221
Lewis,September 30 2018,84,66,150,83499,83649
Lewis,September 30 2019,107,101,208,85321,85529
Lewis,September 30 2020,111,117,228,84750,84978
Lewis,September 30 2021,185,149,334,86277,86611
Lewis,September 30 2022,253,176,429,86162,86591
Lewis,September 30 2023,364,269,633,82238,82871
Lincoln,April 30 2017,2,4,6,11942,11948
Lincoln,April 30 2018,2,6,8,12142,12150
Lincoln,April 30 2019,3,6,9,12454,12463
Lincoln,April 30 2020,4,12,16,12301,12317
Lincoln,April 30 2021,5,13,18,12498,12516
Lincoln,April 30 2022,7,18,25,12518,12543
Lincoln,April 30 2023,18,17,35,12504,12539
Lincoln,August 31 2017,1,5,6,12025,12031
Lincoln,August 31 2018,3,6,9,12317,12326
Lincoln,August 31 2019,2,10,12,12467,12479
Lincoln,August 31 2020,5,11,16,12275,12291
Lincoln,August 31 2021,7,15,22,12464,12486
Lincoln,August 31 2022,9,16,25,12536,12561
Lincoln,August 31 2023,19,21,40,12316,12356
Lincoln,December 31 2017,2,5,7,12059,12066
Lincoln,December 31 2018,2,5,7,12416,12423
Lincoln,December 31 2019,1,11,12,12485,12497
Lincoln,December 31 2020,5,12,17,12313,12330
Lincoln,December 31 2021,7,16,23,12537,12560
Lincoln,December 31 2022,12,18,30,12612,12642
Lincoln,February 28 2017,2,4,6,11970,11976
Lincoln,February 28 2018,2,5,7,12102,12109
Lincoln,February 28 2019,3,5,8,12399,12407
Lincoln,February 28 2021,6,13,19,12333,12352
Lincoln,February 28 2022,7,17,24,12525,12549
Lincoln,February 28 2023,16,17,33,12595,12628
Lincoln,February 29 2020,1,12,13,12437,12450
Lincoln,January 31 2017,2,4,6,12003,12009
Lincoln,January 31 2018,2,5,7,12088,12095
Lincoln,January 31 2019,2,5,7,12418,12425
Lincoln,January 31 2020,1,11,12,12456,12468
Lincoln,January 31 2021,6,12,18,12321,12339
Lincoln,January 31 2022,6,17,23,12568,12591
Lincoln,January 31 2023,14,19,33,12619,12652
Lincoln,July 31 2017,2,5,7,11961,11968
Lincoln,July 31 2018,3,6,9,12302,12311
Lincoln,July 31 2019,2,10,12,12475,12487
Lincoln,July 31 2020,5,11,16,12307,12323
Lincoln,July 31 2021,6,15,21,12476,12497
Lincoln,July 31 2022,9,16,25,12543,12568
Lincoln,July 31 2023,18,20,38,12394,12432
Lincoln,June 30 2017,2,5,7,11953,11960
Lincoln,June 30 2018,2,6,8,12241,12249
Lincoln,June 30 2019,2,8,10,12450,12460
Lincoln,June 30 2020,5,12,17,12246,12263
Lincoln,June 30 2021,5,13,18,12488,12506
Lincoln,June 30 2022,8,18,26,12537,12563
Lincoln,June 30 2023,16,19,35,12476,12511
Lincoln,March 31 2017,2,4,6,11972,11978
Lincoln,March 31 2018,2,5,7,12090,12097
Lincoln,March 31 2019,3,6,9,12414,12423
Lincoln,March 31 2020,2,12,14,12407,12421
Lincoln,March 31 2021,5,13,18,12420,12438
Lincoln,March 31 2022,7,18,25,12498,12523
Lincoln,March 31 2023,18,17,35,12554,12589
Lincoln,May 31 2017,2,5,7,11963,11970
Lincoln,May 31 2018,2,6,8,12178,12186
Lincoln,May 31 2019,3,8,11,12465,12476
Lincoln,May 31 2020,4,12,16,12256,12272
Lincoln,May 31 2021,5,13,18,12483,12501
Lincoln,May 31 2022,8,18,26,12528,12554
Lincoln,May 31 2023,16,18,34,12541,12575
Lincoln,November 30 2017,2,5,7,12033,12040
Lincoln,November 30 2018,2,6,8,12398,12406
Lincoln,November 30 2019,1,11,12,12492,12504
Lincoln,November 30 2020,5,11,16,12273,12289
Lincoln,November 30 2021,7,16,23,12498,12521
Lincoln,November 30 2022,12,19,31,12625,12656
Lincoln,October 31 2017,2,5,7,12063,12070
Lincoln,October 31 2018,2,6,8,12345,12353
Lincoln,October 31 2019,2,11,13,12521,12534
Lincoln,October 31 2020,5,10,15,12267,12282
Lincoln,October 31 2021,7,16,23,12506,12529
Lincoln,October 31 2022,12,17,29,12590,12619
Lincoln,September 30 2017,2,6,8,12032,12040
Lincoln,September 30 2018,2,6,8,12325,12333
Lincoln,September 30 2019,2,10,12,12495,12507
Lincoln,September 30 2020,5,10,15,12232,12247
Lincoln,September 30 2021,7,16,23,12461,12484
Lincoln,September 30 2022,10,16,26,12570,12596
Lincoln,September 30 2023,18,22,40,12092,12132
Mason,April 30 2017,49,64,113,62243,62356
Mason,April 30 2018,71,87,158,65197,65355
Mason,April 30 2019,117,118,235,67182,67417
Mason,April 30 2020,155,135,290,67737,68027
Mason,April 30 2021,191,134,325,69377,69702
Mason,April 30 2022,294,178,472,68641,69113
Mason,April 30 2023,427,204,631,67114,67745
Mason,August 31 2017,59,73,132,63258,63390
Mason,August 31 2018,92,97,189,66127,66316
Mason,August 31 2019,130,127,257,67833,68090
Mason,August 31 2020,162,133,295,68181,68476
Mason,August 31 2021,227,147,374,69384,69758
Mason,August 31 2022,334,177,511,67984,68495
Mason,August 31 2023,493,215,708,65698,66406
Mason,December 31 2017,66,75,141,64436,64577
Mason,December 31 2018,107,110,217,66647,66864
Mason,December 31 2019,142,135,277,68156,68433
Mason,December 31 2020,173,133,306,68588,68894
Mason,December 31 2021,266,158,424,68976,69400
Mason,December 31 2022,376,191,567,67731,68298
Mason,February 28 2017,47,63,110,61973,62083
Mason,February 28 2018,64,80,144,64773,64917
Mason,February 28 2019,109,117,226,66894,67120
Mason,February 28 2021,177,135,312,68694,69006
Mason,February 28 2022,280,166,446,68901,69347
Mason,February 28 2023,403,199,602,67551,68153
Mason,February 29 2020,150,135,285,68191,68476
Mason,January 31 2017,48,60,108,61993,62101
Mason,January 31 2018,65,77,142,64621,64763
Mason,January 31 2019,108,115,223,66874,67097
Mason,January 31 2020,150,135,285,68180,68465
Mason,January 31 2021,179,137,316,68705,69021
Mason,January 31 2022,272,161,433,68947,69380
Mason,January 31 2023,388,192,580,67676,68256
Mason,July 31 2017,57,71,128,62893,63021
Mason,July 31 2018,87,93,180,65910,66090
Mason,July 31 2019,127,126,253,67718,67971
Mason,July 31 2020,160,134,294,68081,68375
Mason,July 31 2021,216,139,355,69429,69784
Mason,July 31 2022,324,176,500,68094,68594
Mason,July 31 2023,479,212,691,66288,66979
Mason,June 30 2017,56,68,124,62724,62848
Mason,June 30 2018,82,92,174,65663,65837
Mason,June 30 2019,124,122,246,67539,67785
Mason,June 30 2020,159,135,294,67871,68165
Mason,June 30 2021,215,140,355,69500,69855
Mason,June 30 2022,312,177,489,68408,68897
Mason,June 30 2023,455,205,660,66720,67380
Mason,March 31 2017,50,65,115,62158,62273
Mason,March 31 2018,68,83,151,65007,65158
Mason,March 31 2019,114,117,231,66979,67210
Mason,March 31 2020,153,135,288,68082,68370
Mason,March 31 2021,185,137,322,69052,69374
Mason,March 31 2022,286,171,457,68795,69252
Mason,March 31 2023,414,200,614,67282,67896
Mason,May 31 2017,51,66,117,62563,62680
Mason,May 31 2018,77,93,170,65463,65633
Mason,May 31 2019,121,120,241,67367,67608
Mason,May 31 2020,157,137,294,67680,67974
Mason,May 31 2021,207,136,343,69442,69785
Mason,May 31 2022,305,179,484,68390,68874
Mason,May 31 2023,440,206,646,66893,67539
Mason,November 30 2017,63,72,135,64145,64280
Mason,November 30 2018,103,110,213,66608,66821
Mason,November 30 2019,140,130,270,68110,68380
Mason,November 30 2020,169,135,304,68351,68655
Mason,November 30 2021,255,158,413,69044,69457
Mason,November 30 2022,367,190,557,67837,68394
Mason,October 31 2017,61,74,135,63925,64060
Mason,October 31 2018,101,108,209,66522,66731
Mason,October 31 2019,140,129,269,68021,68290
Mason,October 31 2020,165,134,299,68325,68624
Mason,October 31 2021,246,156,402,69167,69569
Mason,October 31 2022,356,187,543,67890,68433
Mason,September 30 2017,61,73,134,63554,63688
Mason,September 30 2018,94,100,194,66269,66463
Mason,September 30 2019,133,129,262,67873,68135
Mason,September 30 2020,162,131,293,68257,68550
Mason,September 30 2021,239,151,390,69261,69651
Mason,September 30 2022,343,178,521,67931,68452
Mason,September 30 2023,501,212,713,64521,65234
Okanogan,April 30 2017,3,16,19,41847,41866
Okanogan,April 30 2018,8,19,27,42167,42194
Okanogan,April 30 2019,20,22,42,42495,42537
Okanogan,April 30 2020,34,31,65,42273,42338
Okanogan,April 30 2021,60,36,96,43160,43256
Okanogan,April 30 2022,79,48,127,43146,43273
Okanogan,April 30 2023,124,58,182,42529,42711
Okanogan,August 31 2017,4,18,22,41909,41931
Okanogan,August 31 2018,10,20,30,42530,42560
Okanogan,August 31 2019,25,26,51,42666,42717
Okanogan,August 31 2020,40,34,74,42519,42593
Okanogan,August 31 2021,66,45,111,43219,43330
Okanogan,August 31 2022,89,48,137,42850,42987
Okanogan,August 31 2023,144,67,211,41725,41936
Okanogan,December 31 2017,7,18,25,42002,42027
Okanogan,December 31 2018,16,22,38,42554,42592
Okanogan,December 31 2019,30,30,60,42784,42844
Okanogan,December 31 2020,55,36,91,42674,42765
Okanogan,December 31 2021,69,45,114,43283,43397
Okanogan,December 31 2022,101,52,153,42615,42768
Okanogan,February 28 2017,3,15,18,41970,41988
Okanogan,February 28 2018,7,19,26,41963,41989
Okanogan,February 28 2019,19,21,40,42430,42470
Okanogan,February 28 2021,56,35,91,42758,42849
Okanogan,February 28 2022,74,47,121,43181,43302
Okanogan,February 28 2023,111,56,167,42597,42764
Okanogan,February 29 2020,34,31,65,42617,42682
Okanogan,January 31 2017,3,15,18,42185,42203
Okanogan,January 31 2018,7,19,26,42032,42058
Okanogan,January 31 2019,18,21,39,42527,42566
Okanogan,January 31 2020,32,30,62,42775,42837
Okanogan,January 31 2021,56,36,92,42729,42821
Okanogan,January 31 2022,70,47,117,43219,43336
Okanogan,January 31 2023,109,53,162,42584,42746
Okanogan,July 31 2017,4,18,22,41855,41877
Okanogan,July 31 2018,9,20,29,42446,42475
Okanogan,July 31 2019,23,26,49,42609,42658
Okanogan,July 31 2020,37,34,71,42414,42485
Okanogan,July 31 2021,65,43,108,43285,43393
Okanogan,July 31 2022,89,49,138,42879,43017
Okanogan,July 31 2023,137,65,202,42082,42284
Okanogan,June 30 2017,4,17,21,41906,41927
Okanogan,June 30 2018,9,19,28,42383,42411
Okanogan,June 30 2019,22,25,47,42555,42602
Okanogan,June 30 2020,36,33,69,42291,42360
Okanogan,June 30 2021,63,38,101,43263,43364
Okanogan,June 30 2022,84,50,134,43032,43166
Okanogan,June 30 2023,132,64,196,42400,42596
Okanogan,March 31 2017,3,16,19,41942,41961
Okanogan,March 31 2018,7,19,26,42059,42085
Okanogan,March 31 2019,20,21,41,42343,42384
Okanogan,March 31 2020,34,31,65,42525,42590
Okanogan,March 31 2021,57,35,92,42892,42984
Okanogan,March 31 2022,77,46,123,43207,43330
Okanogan,March 31 2023,119,58,177,42578,42755
Okanogan,May 31 2017,3,16,19,41896,41915
Okanogan,May 31 2018,8,19,27,42289,42316
Okanogan,May 31 2019,21,23,44,42575,42619
Okanogan,May 31 2020,34,33,67,42268,42335
Okanogan,May 31 2021,61,37,98,43163,43261
Okanogan,May 31 2022,82,51,133,43068,43201
Okanogan,May 31 2023,132,62,194,42534,42728
Okanogan,November 30 2017,5,17,22,41997,42019
Okanogan,November 30 2018,15,22,37,42620,42657
Okanogan,November 30 2019,27,30,57,42788,42845
Okanogan,November 30 2020,51,37,88,42561,42649
Okanogan,November 30 2021,67,43,110,43285,43395
Okanogan,November 30 2022,102,51,153,42714,42867
Okanogan,October 31 2017,5,17,22,41952,41974
Okanogan,October 31 2018,15,21,36,42606,42642
Okanogan,October 31 2019,24,28,52,42771,42823
Okanogan,October 31 2020,47,36,83,42562,42645
Okanogan,October 31 2021,66,44,110,43246,43356
Okanogan,October 31 2022,97,49,146,42748,42894
Okanogan,September 30 2017,5,18,23,41919,41942
Okanogan,September 30 2018,10,20,30,42550,42580
Okanogan,September 30 2019,24,26,50,42731,42781
Okanogan,September 30 2020,45,36,81,42509,42590
Okanogan,September 30 2021,67,44,111,43238,43349
Okanogan,September 30 2022,94,49,143,42826,42969
Okanogan,September 30 2023,142,70,212,40889,41101
Pacific,April 30 2017,9,8,17,22541,22558
Pacific,April 30 2018,14,19,33,23083,23116
Pacific,April 30 2019,23,28,51,23579,23630
Pacific,April 30 2020,30,34,64,23499,23563
Pacific,April 30 2021,41,41,82,23985,24067
Pacific,April 30 2022,60,68,128,23911,24039
Pacific,April 30 2023,80,89,169,23429,23598
Pacific,August 31 2017,10,9,19,22760,22779
Pacific,August 31 2018,19,22,41,23299,23340
Pacific,August 31 2019,23,29,52,23722,23774
Pacific,August 31 2020,32,33,65,23430,23495
Pacific,August 31 2021,48,54,102,24038,24140
Pacific,August 31 2022,70,72,142,23637,23779
Pacific,August 31 2023,86,91,177,23145,23322
Pacific,December 31 2017,15,13,28,22948,22976
Pacific,December 31 2018,21,25,46,23444,23490
Pacific,December 31 2019,30,30,60,23838,23898
Pacific,December 31 2020,34,35,69,23516,23585
Pacific,December 31 2021,51,64,115,24083,24198
Pacific,December 31 2022,76,80,156,23567,23723
Pacific,February 28 2017,5,6,11,22478,22489
Pacific,February 28 2018,15,17,32,23023,23055
Pacific,February 28 2019,22,26,48,23495,23543
Pacific,February 28 2021,37,38,75,23645,23720
Pacific,February 28 2022,58,65,123,24028,24151
Pacific,February 28 2023,74,82,156,23512,23668
Pacific,February 29 2020,30,32,62,23813,23875
Pacific,January 31 2017,5,6,11,22538,22549
Pacific,January 31 2018,15,13,28,22986,23014
Pacific,January 31 2019,22,26,48,23494,23542
Pacific,January 31 2020,30,31,61,23841,23902
Pacific,January 31 2021,35,37,72,23597,23669
Pacific,January 31 2022,55,63,118,24075,24193
Pacific,January 31 2023,74,81,155,23552,23707
Pacific,July 31 2017,10,9,19,22688,22707
Pacific,July 31 2018,19,21,40,23231,23271
Pacific,July 31 2019,24,30,54,23695,23749
Pacific,July 31 2020,33,33,66,23477,23543
Pacific,July 31 2021,46,53,99,23987,24086
Pacific,July 31 2022,64,71,135,23707,23842
Pacific,July 31 2023,83,91,174,23290,23464
Pacific,June 30 2017,10,7,17,22612,22629
Pacific,June 30 2018,17,20,37,23171,23208
Pacific,June 30 2019,25,29,54,23626,23680
Pacific,June 30 2020,33,33,66,23450,23516
Pacific,June 30 2021,45,53,98,24017,24115
Pacific,June 30 2022,61,71,132,23802,23934
Pacific,June 30 2023,81,90,171,23346,23517
Pacific,March 31 2017,6,8,14,22553,22567
Pacific,March 31 2018,15,18,33,23039,23072
Pacific,March 31 2019,23,26,49,23502,23551
Pacific,March 31 2020,29,34,63,23733,23796
Pacific,March 31 2021,39,40,79,23794,23873
Pacific,March 31 2022,61,68,129,24003,24132
Pacific,March 31 2023,78,84,162,23460,23622
Pacific,May 31 2017,9,7,16,22597,22613
Pacific,May 31 2018,16,19,35,23139,23174
Pacific,May 31 2019,24,28,52,23610,23662
Pacific,May 31 2020,31,33,64,23325,23389
Pacific,May 31 2021,43,47,90,24004,24094
Pacific,May 31 2022,60,68,128,23858,23986
Pacific,May 31 2023,80,90,170,23405,23575
Pacific,November 30 2017,15,11,26,22867,22893
Pacific,November 30 2018,20,23,43,23418,23461
Pacific,November 30 2019,29,30,59,23851,23910
Pacific,November 30 2020,36,34,70,23496,23566
Pacific,November 30 2021,51,64,115,24071,24186
Pacific,November 30 2022,71,79,150,23595,23745
Pacific,October 31 2017,14,10,24,22840,22864
Pacific,October 31 2018,19,23,42,23393,23435
Pacific,October 31 2019,30,29,59,23832,23891
Pacific,October 31 2020,34,34,68,23474,23542
Pacific,October 31 2021,49,59,108,24099,24207
Pacific,October 31 2022,69,74,143,23609,23752
Pacific,September 30 2017,12,9,21,22773,22794
Pacific,September 30 2018,18,22,40,23363,23403
Pacific,September 30 2019,25,29,54,23750,23804
Pacific,September 30 2020,32,34,66,23455,23521
Pacific,September 30 2021,49,57,106,24067,24173
Pacific,September 30 2022,70,74,144,23629,23773
Pacific,September 30 2023,91,95,186,22718,22904
Pend Oreille,April 30 2017,1,4,5,14904,14909
Pend Oreille,April 30 2018,4,5,9,15128,15137
Pend Oreille,April 30 2019,4,5,9,15256,15265
Pend Oreille,April 30 2020,8,6,14,14994,15008
Pend Oreille,April 30 2021,14,5,19,15036,15055
Pend Oreille,April 30 2022,16,10,26,14681,14707
Pend Oreille,April 30 2023,31,13,44,14517,14561
Pend Oreille,August 31 2017,3,4,7,14911,14918
Pend Oreille,August 31 2018,5,5,10,15299,15309
Pend Oreille,August 31 2019,5,6,11,15213,15224
Pend Oreille,August 31 2020,8,5,13,14973,14986
Pend Oreille,August 31 2021,16,7,23,14963,14986
Pend Oreille,August 31 2022,18,12,30,14659,14689
Pend Oreille,August 31 2023,30,17,47,14275,14322
Pend Oreille,December 31 2017,3,4,7,15058,15065
Pend Oreille,December 31 2018,5,5,10,15269,15279
Pend Oreille,December 31 2019,7,7,14,15283,15297
Pend Oreille,December 31 2020,12,4,16,14883,14899
Pend Oreille,December 31 2021,18,9,27,14823,14850
Pend Oreille,December 31 2022,21,13,34,14543,14577
Pend Oreille,February 28 2017,1,4,5,14871,14876
Pend Oreille,February 28 2018,4,3,7,15049,15056
Pend Oreille,February 28 2019,5,5,10,15219,15229
Pend Oreille,February 28 2021,12,4,16,14912,14928
Pend Oreille,February 28 2022,17,9,26,14785,14811
Pend Oreille,February 28 2023,26,13,39,14514,14553
Pend Oreille,February 29 2020,8,7,15,15215,15230
Pend Oreille,January 31 2017,1,4,5,14938,14943
Pend Oreille,January 31 2018,4,4,8,15059,15067
Pend Oreille,January 31 2019,5,5,10,15279,15289
Pend Oreille,January 31 2020,8,7,15,15245,15260
Pend Oreille,January 31 2021,12,3,15,14895,14910
Pend Oreille,January 31 2022,17,9,26,14840,14866
Pend Oreille,January 31 2023,23,14,37,14523,14560
Pend Oreille,July 31 2017,3,4,7,14902,14909
Pend Oreille,July 31 2018,5,5,10,15276,15286
Pend Oreille,July 31 2019,4,6,10,15264,15274
Pend Oreille,July 31 2020,7,5,12,15005,15017
Pend Oreille,July 31 2021,15,7,22,15005,15027
Pend Oreille,July 31 2022,18,12,30,14684,14714
Pend Oreille,July 31 2023,30,15,45,14358,14403
Pend Oreille,June 30 2017,3,4,7,14889,14896
Pend Oreille,June 30 2018,5,5,10,15228,15238
Pend Oreille,June 30 2019,4,5,9,15260,15269
Pend Oreille,June 30 2020,7,6,13,15000,15013
Pend Oreille,June 30 2021,14,7,21,15011,15032
Pend Oreille,June 30 2022,17,11,28,14720,14748
Pend Oreille,June 30 2023,30,13,43,14447,14490
Pend Oreille,March 31 2017,1,4,5,14888,14893
Pend Oreille,March 31 2018,4,3,7,15113,15120
Pend Oreille,March 31 2019,5,5,10,15193,15203
Pend Oreille,March 31 2020,8,7,15,15124,15139
Pend Oreille,March 31 2021,12,6,18,15001,15019
Pend Oreille,March 31 2022,16,10,26,14732,14758
Pend Oreille,March 31 2023,28,13,41,14512,14553
Pend Oreille,May 31 2017,2,4,6,14875,14881
Pend Oreille,May 31 2018,4,5,9,15178,15187
Pend Oreille,May 31 2019,4,5,9,15277,15286
Pend Oreille,May 31 2020,7,6,13,14956,14969
Pend Oreille,May 31 2021,14,6,20,15018,15038
Pend Oreille,May 31 2022,16,11,27,14636,14663
Pend Oreille,May 31 2023,30,11,41,14489,14530
Pend Oreille,November 30 2017,3,4,7,15024,15031
Pend Oreille,November 30 2018,5,5,10,15298,15308
Pend Oreille,November 30 2019,7,7,14,15246,15260
Pend Oreille,November 30 2020,9,4,13,14861,14874
Pend Oreille,November 30 2021,18,7,25,14856,14881
Pend Oreille,November 30 2022,19,13,32,14583,14615
Pend Oreille,October 31 2017,3,4,7,14934,14941
Pend Oreille,October 31 2018,6,5,11,15338,15349
Pend Oreille,October 31 2019,7,6,13,15229,15242
Pend Oreille,October 31 2020,8,4,12,14872,14884
Pend Oreille,October 31 2021,18,7,25,14887,14912
Pend Oreille,October 31 2022,18,12,30,14620,14650
Pend Oreille,September 30 2017,3,4,7,14925,14932
Pend Oreille,September 30 2018,5,5,10,15331,15341
Pend Oreille,September 30 2019,6,6,12,15181,15193
Pend Oreille,September 30 2020,8,4,12,14913,14925
Pend Oreille,September 30 2021,17,7,24,14924,14948
Pend Oreille,September 30 2022,18,12,30,14653,14683
Pend Oreille,September 30 2023,29,17,46,14010,14056
Pierce,April 30 2017,917,807,1724,663534,665258
Pierce,April 30 2018,1154,1091,2245,666495,668740
Pierce,April 30 2019,1692,1485,3177,680199,683376
Pierce,April 30 2020,2347,1681,4028,689898,693926
Pierce,April 30 2021,3271,1902,5173,705657,710830
Pierce,April 30 2022,4837,2261,7098,691686,698784
Pierce,April 30 2023,7276,2674,9950,670003,679953
Pierce,August 31 2017,999,866,1865,662118,663983
Pierce,August 31 2018,1303,1224,2527,673108,675635
Pierce,August 31 2019,1930,1583,3513,685042,688555
Pierce,August 31 2020,2519,1703,4222,695752,699974
Pierce,August 31 2021,3773,2028,5801,704563,710364
Pierce,August 31 2022,5459,2396,7855,683504,691359
Pierce,August 31 2023,8438,2887,11325,654941,666266
Pierce,December 31 2017,1071,963,2034,663447,665481
Pierce,December 31 2018,1509,1373,2882,677955,680837
Pierce,December 31 2019,2127,1650,3777,688665,692442
Pierce,December 31 2020,2825,1770,4595,700295,704890
Pierce,December 31 2021,4234,2123,6357,700358,706715
Pierce,December 31 2022,6241,2510,8751,678496,687247
Pierce,February 28 2017,862,778,1640,665288,666928
Pierce,February 28 2018,1116,1028,2144,663401,665545
Pierce,February 28 2019,1611,1428,3039,677785,680824
Pierce,February 28 2021,3028,1809,4837,700363,705200
Pierce,February 28 2022,4484,2173,6657,696439,703096
Pierce,February 28 2023,6705,2581,9286,674715,684001
Pierce,February 29 2020,2253,1683,3936,692593,696529
Pierce,January 31 2017,822,751,1573,667042,668615
Pierce,January 31 2018,1095,996,2091,664539,666630
Pierce,January 31 2019,1581,1423,3004,678837,681841
Pierce,January 31 2020,2229,1678,3907,691893,695800
Pierce,January 31 2021,2963,1789,4752,700458,705210
Pierce,January 31 2022,4365,2149,6514,698336,704850
Pierce,January 31 2023,6494,2549,9043,676900,685943
Pierce,July 31 2017,986,856,1842,661926,663768
Pierce,July 31 2018,1262,1194,2456,671543,673999
Pierce,July 31 2019,1877,1569,3446,684304,687750
Pierce,July 31 2020,2467,1696,4163,694280,698443
Pierce,July 31 2021,3636,2015,5651,705294,710945
Pierce,July 31 2022,5262,2335,7597,684919,692516
Pierce,July 31 2023,8023,2832,10855,660621,671476
Pierce,June 30 2017,956,842,1798,662457,664255
Pierce,June 30 2018,1228,1173,2401,670072,672473
Pierce,June 30 2019,1808,1555,3363,682792,686155
Pierce,June 30 2020,2380,1691,4071,691720,695791
Pierce,June 30 2021,3469,1996,5465,706361,711826
Pierce,June 30 2022,5066,2308,7374,687677,695051
Pierce,June 30 2023,7757,2787,10544,664797,675341
Pierce,March 31 2017,876,784,1660,664505,666165
Pierce,March 31 2018,1126,1053,2179,664931,667110
Pierce,March 31 2019,1635,1456,3091,678375,681466
Pierce,March 31 2020,2310,1692,4002,692672,696674
Pierce,March 31 2021,3125,1844,4969,701940,706909
Pierce,March 31 2022,4629,2231,6860,693431,700291
Pierce,March 31 2023,6964,2626,9590,672182,681772
Pierce,May 31 2017,933,823,1756,662863,664619
Pierce,May 31 2018,1185,1125,2310,667990,670300
Pierce,May 31 2019,1751,1519,3270,681634,684904
Pierce,May 31 2020,2351,1674,4025,688799,692824
Pierce,May 31 2021,3381,1940,5321,705722,711043
Pierce,May 31 2022,4955,2288,7243,688835,696078
Pierce,May 31 2023,7562,2717,10279,667468,677747
Pierce,November 30 2017,1050,942,1992,663012,665004
Pierce,November 30 2018,1470,1339,2809,677432,680241
Pierce,November 30 2019,2083,1634,3717,688146,691863
Pierce,November 30 2020,2759,1755,4514,699324,703838
Pierce,November 30 2021,4128,2107,6235,702260,708495
Pierce,November 30 2022,6064,2474,8538,679811,688349
Pierce,October 31 2017,1040,916,1956,662470,664426
Pierce,October 31 2018,1405,1305,2710,675900,678610
Pierce,October 31 2019,2058,1628,3686,687563,691249
Pierce,October 31 2020,2660,1739,4399,699076,703475
Pierce,October 31 2021,4000,2081,6081,702961,709042
Pierce,October 31 2022,5804,2446,8250,680867,689117
Pierce,September 30 2017,1012,898,1910,662211,664121
Pierce,September 30 2018,1325,1267,2592,673982,676574
Pierce,September 30 2019,1966,1601,3567,685821,689388
Pierce,September 30 2020,2575,1709,4284,697746,702030
Pierce,September 30 2021,3876,2066,5942,704290,710232
Pierce,September 30 2022,5572,2426,7998,682088,690086
Pierce,September 30 2023,8588,2929,11517,643453,654970
San Juan,April 30 2017,98,35,133,19029,19162
San Juan,April 30 2018,141,53,194,19657,19851
San Juan,April 30 2019,204,69,273,20160,20433
San Juan,April 30 2020,295,88,383,20048,20431
San Juan,April 30 2021,406,125,531,20052,20583
San Juan,April 30 2022,495,155,650,20103,20753
San Juan,April 30 2023,617,175,792,19739,20531
San Juan,August 31 2017,113,39,152,19193,19345
San Juan,August 31 2018,152,66,218,19902,20120
San Juan,August 31 2019,225,73,298,20326,20624
San Juan,August 31 2020,320,100,420,19757,20177
San Juan,August 31 2021,452,141,593,20178,20771
San Juan,August 31 2022,535,162,697,19936,20633
San Juan,August 31 2023,660,173,833,19409,20242
San Juan,December 31 2017,132,43,175,19455,19630
San Juan,December 31 2018,183,69,252,20036,20288
San Juan,December 31 2019,253,79,332,20335,20667
San Juan,December 31 2020,365,111,476,19888,20364
San Juan,December 31 2021,478,149,627,20183,20810
San Juan,December 31 2022,569,170,739,19817,20556
San Juan,February 28 2017,88,31,119,18975,19094
San Juan,February 28 2018,140,48,188,19561,19749
San Juan,February 28 2019,193,69,262,20067,20329
San Juan,February 28 2021,383,118,501,19918,20419
San Juan,February 28 2022,486,152,638,20186,20824
San Juan,February 28 2023,590,172,762,19787,20549
San Juan,February 29 2020,279,82,361,20248,20609
San Juan,January 31 2017,84,31,115,18941,19056
San Juan,January 31 2018,137,46,183,19569,19752
San Juan,January 31 2019,190,68,258,20051,20309
San Juan,January 31 2020,265,83,348,20323,20671
San Juan,January 31 2021,377,113,490,19883,20373
San Juan,January 31 2022,483,151,634,20187,20821
San Juan,January 31 2023,581,173,754,19791,20545
San Juan,July 31 2017,112,39,151,19109,19260
San Juan,July 31 2018,149,62,211,19842,20053
San Juan,July 31 2019,220,72,292,20329,20621
San Juan,July 31 2020,311,94,405,19795,20200
San Juan,July 31 2021,443,139,582,20189,20771
San Juan,July 31 2022,525,160,685,19961,20646
San Juan,July 31 2023,645,172,817,19561,20378
San Juan,June 30 2017,107,40,147,19085,19232
San Juan,June 30 2018,145,61,206,19780,19986
San Juan,June 30 2019,212,72,284,20269,20553
San Juan,June 30 2020,302,93,395,19815,20210
San Juan,June 30 2021,431,135,566,20190,20756
San Juan,June 30 2022,514,157,671,20040,20711
San Juan,June 30 2023,630,177,807,19638,20445
San Juan,March 31 2017,88,34,122,19002,19124
San Juan,March 31 2018,140,50,190,19595,19785
San Juan,March 31 2019,197,70,267,20095,20362
San Juan,March 31 2020,291,86,377,20206,20583
San Juan,March 31 2021,394,123,517,19996,20513
San Juan,March 31 2022,493,152,645,20115,20760
San Juan,March 31 2023,606,174,780,19764,20544
San Juan,May 31 2017,104,38,142,19038,19180
San Juan,May 31 2018,141,56,197,19746,19943
San Juan,May 31 2019,207,71,278,20201,20479
San Juan,May 31 2020,298,91,389,19915,20304
San Juan,May 31 2021,423,131,554,20136,20690
San Juan,May 31 2022,500,152,652,20063,20715
San Juan,May 31 2023,625,176,801,19687,20488
San Juan,November 30 2017,126,41,167,19357,19524
San Juan,November 30 2018,176,68,244,20013,20257
San Juan,November 30 2019,243,78,321,20327,20648
San Juan,November 30 2020,355,106,461,19876,20337
San Juan,November 30 2021,473,147,620,20183,20803
San Juan,November 30 2022,561,168,729,19914,20643
San Juan,October 31 2017,127,40,167,19326,19493
San Juan,October 31 2018,169,69,238,19993,20231
San Juan,October 31 2019,236,76,312,20327,20639
San Juan,October 31 2020,340,103,443,19825,20268
San Juan,October 31 2021,469,146,615,20158,20773
San Juan,October 31 2022,556,165,721,19929,20650
San Juan,September 30 2017,117,42,159,19233,19392
San Juan,September 30 2018,161,68,229,19939,20168
San Juan,September 30 2019,229,73,302,20340,20642
San Juan,September 30 2020,331,100,431,19747,20178
San Juan,September 30 2021,462,143,605,20163,20768
San Juan,September 30 2022,542,162,704,19952,20656
San Juan,September 30 2023,665,181,846,19103,19949
Skagit,April 30 2017,124,97,221,118995,119216
Skagit,April 30 2018,183,155,338,122018,122356
Skagit,April 30 2019,293,197,490,123862,124352
Skagit,April 30 2020,398,215,613,123866,124479
Skagit,April 30 2021,563,268,831,124985,125816
Skagit,April 30 2022,752,328,1080,122774,123854
Skagit,April 30 2023,1071,389,1460,120830,122290
Skagit,August 31 2017,141,112,253,119981,120234
Skagit,August 31 2018,221,169,390,123069,123459
Skagit,August 31 2019,311,209,520,124857,125377
Skagit,August 31 2020,433,222,655,123888,124543
Skagit,August 31 2021,621,287,908,124675,125583
Skagit,August 31 2022,859,348,1207,122016,123223
Skagit,August 31 2023,1210,434,1644,118499,120143
Skagit,December 31 2017,168,138,306,121285,121591
Skagit,December 31 2018,260,187,447,123515,123962
Skagit,December 31 2019,364,213,577,125202,125779
Skagit,December 31 2020,498,238,736,124199,124935
Skagit,December 31 2021,695,302,997,123813,124810
Skagit,December 31 2022,932,355,1287,121606,122893
Skagit,February 28 2017,114,86,200,118669,118869
Skagit,February 28 2018,173,145,318,121566,121884
Skagit,February 28 2019,279,187,466,123499,123965
Skagit,February 28 2021,536,247,783,124194,124977
Skagit,February 28 2022,716,316,1032,123283,124315
Skagit,February 28 2023,998,377,1375,121335,122710
Skagit,February 29 2020,380,215,595,125023,125618
Skagit,January 31 2017,107,81,188,118854,119042
Skagit,January 31 2018,171,140,311,121621,121932
Skagit,January 31 2019,271,186,457,123680,124137
Skagit,January 31 2020,379,215,594,125214,125808
Skagit,January 31 2021,518,243,761,124290,125051
Skagit,January 31 2022,701,307,1008,123506,124514
Skagit,January 31 2023,967,364,1331,121479,122810
Skagit,July 31 2017,142,104,246,119669,119915
Skagit,July 31 2018,216,171,387,122832,123219
Skagit,July 31 2019,308,210,518,124735,125253
Skagit,July 31 2020,424,223,647,123900,124547
Skagit,July 31 2021,609,281,890,124882,125772
Skagit,July 31 2022,817,345,1162,122116,123278
Skagit,July 31 2023,1167,420,1587,119520,121107
Skagit,June 30 2017,141,103,244,119531,119775
Skagit,June 30 2018,207,166,373,122532,122905
Skagit,June 30 2019,299,200,499,124382,124881
Skagit,June 30 2020,408,221,629,123624,124253
Skagit,June 30 2021,590,274,864,124985,125849
Skagit,June 30 2022,782,337,1119,122462,123581
Skagit,June 30 2023,1126,414,1540,120170,121710
Skagit,March 31 2017,119,91,210,118945,119155
Skagit,March 31 2018,174,154,328,121819,122147
Skagit,March 31 2019,282,189,471,123582,124053
Skagit,March 31 2020,392,216,608,124706,125314
Skagit,March 31 2021,540,260,800,124524,125324
Skagit,March 31 2022,731,326,1057,123018,124075
Skagit,March 31 2023,1041,382,1423,121137,122560
Skagit,May 31 2017,135,102,237,119247,119484
Skagit,May 31 2018,199,163,362,122301,122663
Skagit,May 31 2019,293,200,493,124116,124609
Skagit,May 31 2020,401,216,617,123557,124174
Skagit,May 31 2021,578,265,843,125004,125847
Skagit,May 31 2022,760,332,1092,122496,123588
Skagit,May 31 2023,1098,404,1502,120615,122117
Skagit,November 30 2017,160,131,291,121003,121294
Skagit,November 30 2018,250,184,434,123530,123964
Skagit,November 30 2019,348,210,558,125114,125672
Skagit,November 30 2020,482,235,717,124119,124836
Skagit,November 30 2021,667,299,966,124082,125048
Skagit,November 30 2022,914,352,1266,121688,122954
Skagit,October 31 2017,152,126,278,120587,120865
Skagit,October 31 2018,241,180,421,123349,123770
Skagit,October 31 2019,337,210,547,125157,125704
Skagit,October 31 2020,467,231,698,124204,124902
Skagit,October 31 2021,649,295,944,124288,125232
Skagit,October 31 2022,892,349,1241,121722,122963
Skagit,September 30 2017,149,120,269,120192,120461
Skagit,September 30 2018,223,176,399,123124,123523
Skagit,September 30 2019,316,210,526,125027,125553
Skagit,September 30 2020,448,228,676,124143,124819
Skagit,September 30 2021,641,291,932,124590,125522
Skagit,September 30 2022,874,349,1223,121896,123119
Skagit,September 30 2023,1248,445,1693,116464,118157
Skamania,April 30 2017,9,8,17,12395,12412
Skamania,April 30 2018,12,8,20,12627,12647
Skamania,April 30 2019,21,16,37,12752,12789
Skamania,April 30 2020,29,17,46,12667,12713
Skamania,April 30 2021,40,30,70,12382,12452
Skamania,April 30 2022,67,46,113,12198,12311
Skamania,April 30 2023,101,53,154,11921,12075
Skamania,August 31 2017,10,7,17,12447,12464
Skamania,August 31 2018,14,10,24,12618,12642
Skamania,August 31 2019,25,18,43,12830,12873
Skamania,August 31 2020,31,22,53,12396,12449
Skamania,August 31 2021,52,38,90,12417,12507
Skamania,August 31 2022,82,50,132,12050,12182
Skamania,August 31 2023,110,55,165,11663,11828
Skamania,December 31 2017,10,7,17,12485,12502
Skamania,December 31 2018,16,13,29,12739,12768
Skamania,December 31 2019,26,19,45,12864,12909
Skamania,December 31 2020,33,22,55,12352,12407
Skamania,December 31 2021,60,42,102,12316,12418
Skamania,December 31 2022,89,52,141,12002,12143
Skamania,February 28 2017,7,7,14,12432,12446
Skamania,February 28 2018,11,8,19,12544,12563
Skamania,February 28 2019,20,15,35,12705,12740
Skamania,February 28 2021,37,24,61,12317,12378
Skamania,February 28 2022,59,45,104,12303,12407
Skamania,February 28 2023,94,53,147,11981,12128
Skamania,February 29 2020,28,19,47,12873,12920
Skamania,January 31 2017,7,7,14,12457,12471
Skamania,January 31 2018,11,8,19,12508,12527
Skamania,January 31 2019,18,15,33,12749,12782
Skamania,January 31 2020,29,19,48,12873,12921
Skamania,January 31 2021,34,23,57,12352,12409
Skamania,January 31 2022,60,43,103,12297,12400
Skamania,January 31 2023,94,53,147,11999,12146
Skamania,July 31 2017,9,7,16,12425,12441
Skamania,July 31 2018,13,9,22,12596,12618
Skamania,July 31 2019,25,18,43,12802,12845
Skamania,July 31 2020,31,20,51,12457,12508
Skamania,July 31 2021,51,36,87,12429,12516
Skamania,July 31 2022,76,47,123,12102,12225
Skamania,July 31 2023,110,57,167,11757,11924
Skamania,June 30 2017,9,7,16,12458,12474
Skamania,June 30 2018,11,9,20,12607,12627
Skamania,June 30 2019,23,18,41,12787,12828
Skamania,June 30 2020,31,18,49,12489,12538
Skamania,June 30 2021,44,34,78,12429,12507
Skamania,June 30 2022,73,47,120,12174,12294
Skamania,June 30 2023,107,59,166,11814,11980
Skamania,March 31 2017,8,8,16,12411,12427
Skamania,March 31 2018,12,8,20,12592,12612
Skamania,March 31 2019,21,15,36,12739,12775
Skamania,March 31 2020,29,18,47,12796,12843
Skamania,March 31 2021,38,25,63,12329,12392
Skamania,March 31 2022,65,45,110,12241,12351
Skamania,March 31 2023,97,53,150,11969,12119
Skamania,May 31 2017,9,7,16,12395,12411
Skamania,May 31 2018,12,9,21,12622,12643
Skamania,May 31 2019,23,17,40,12771,12811
Skamania,May 31 2020,30,17,47,12551,12598
Skamania,May 31 2021,43,32,75,12419,12494
Skamania,May 31 2022,70,45,115,12169,12284
Skamania,May 31 2023,103,58,161,11865,12026
Skamania,November 30 2017,10,7,17,12469,12486
Skamania,November 30 2018,18,14,32,12736,12768
Skamania,November 30 2019,26,20,46,12883,12929
Skamania,November 30 2020,33,21,54,12309,12363
Skamania,November 30 2021,57,40,97,12339,12436
Skamania,November 30 2022,89,51,140,12014,12154
Skamania,October 31 2017,10,7,17,12463,12480
Skamania,October 31 2018,18,12,30,12711,12741
Skamania,October 31 2019,25,20,45,12903,12948
Skamania,October 31 2020,32,20,52,12321,12373
Skamania,October 31 2021,58,39,97,12348,12445
Skamania,October 31 2022,85,51,136,12000,12136
Skamania,September 30 2017,10,7,17,12450,12467
Skamania,September 30 2018,15,11,26,12677,12703
Skamania,September 30 2019,26,18,44,12872,12916
Skamania,September 30 2020,32,22,54,12373,12427
Skamania,September 30 2021,53,39,92,12422,12514
Skamania,September 30 2022,85,51,136,12024,12160
Skamania,September 30 2023,114,53,167,11423,11590
Snohomish,April 30 2017,1710,860,2570,634742,637312
Snohomish,April 30 2018,2190,1193,3383,640037,643420
Snohomish,April 30 2019,3292,1538,4830,651118,655948
Snohomish,April 30 2020,4399,1750,6149,658441,664590
Snohomish,April 30 2021,5588,1965,7553,666760,674313
Snohomish,April 30 2022,7969,2417,10386,658519,668905
Snohomish,April 30 2023,11839,2928,14767,649758,664525
Snohomish,August 31 2017,1848,941,2789,635365,638154
Snohomish,August 31 2018,2472,1310,3782,645307,649089
Snohomish,August 31 2019,3640,1639,5279,655905,661184
Snohomish,August 31 2020,4644,1781,6425,660600,667025
Snohomish,August 31 2021,6310,2135,8445,665332,673777
Snohomish,August 31 2022,8971,2594,11565,654248,665813
Snohomish,August 31 2023,14067,3189,17256,638718,655974
Snohomish,December 31 2017,2017,1050,3067,638280,641347
Snohomish,December 31 2018,2915,1436,4351,649154,653505
Snohomish,December 31 2019,4020,1708,5728,659315,665043
Snohomish,December 31 2020,5035,1846,6881,664235,671116
Snohomish,December 31 2021,7026,2233,9259,662788,672047
Snohomish,December 31 2022,10275,2761,13036,652806,665842
Snohomish,February 28 2017,1605,824,2429,636543,638972
Snohomish,February 28 2018,2089,1118,3207,638574,641781
Snohomish,February 28 2019,3146,1497,4643,649490,654133
Snohomish,February 28 2021,5270,1892,7162,663907,671069
Snohomish,February 28 2022,7457,2310,9767,660953,670720
Snohomish,February 28 2023,11060,2837,13897,652055,665952
Snohomish,February 29 2020,4301,1728,6029,661806,667835
Snohomish,January 31 2017,1550,803,2353,637755,640108
Snohomish,January 31 2018,2074,1093,3167,639578,642745
Snohomish,January 31 2019,3075,1487,4562,650244,654806
Snohomish,January 31 2020,4243,1717,5960,661482,667442
Snohomish,January 31 2021,5177,1874,7051,663990,671041
Snohomish,January 31 2022,7224,2276,9500,661822,671322
Snohomish,January 31 2023,10712,2790,13502,652845,666347
Snohomish,July 31 2017,1819,919,2738,635023,637761
Snohomish,July 31 2018,2405,1294,3699,644305,648004
Snohomish,July 31 2019,3555,1616,5171,655297,660468
Snohomish,July 31 2020,4581,1774,6355,659875,666230
Snohomish,July 31 2021,6126,2098,8224,665869,674093
Snohomish,July 31 2022,8688,2564,11252,654878,666130
Snohomish,July 31 2023,13329,3126,16455,643340,659795
Snohomish,June 30 2017,1794,902,2696,635033,637729
Snohomish,June 30 2018,2350,1261,3611,643132,646743
Snohomish,June 30 2019,3472,1592,5064,653817,658881
Snohomish,June 30 2020,4433,1764,6197,658412,664609
Snohomish,June 30 2021,5886,2046,7932,666493,674425
Snohomish,June 30 2022,8372,2527,10899,656704,667603
Snohomish,June 30 2023,12801,3053,15854,646526,662380
Snohomish,March 31 2017,1657,848,2505,635560,638065
Snohomish,March 31 2018,2134,1158,3292,639114,642406
Snohomish,March 31 2019,3195,1518,4713,649848,654561
Snohomish,March 31 2020,4369,1756,6125,661062,667187
Snohomish,March 31 2021,5384,1929,7313,664744,672057
Snohomish,March 31 2022,7669,2361,10030,659588,669618
Snohomish,March 31 2023,11446,2889,14335,651121,665456
Snohomish,May 31 2017,1740,866,2606,634455,637061
Snohomish,May 31 2018,2282,1222,3504,641488,644992
Snohomish,May 31 2019,3372,1571,4943,652352,657295
Snohomish,May 31 2020,4401,1747,6148,657175,663323
Snohomish,May 31 2021,5729,2000,7729,666577,674306
Snohomish,May 31 2022,8146,2473,10619,657015,667634
Snohomish,May 31 2023,12337,2982,15319,648265,663584
Snohomish,November 30 2017,1988,1018,3006,637362,640368
Snohomish,November 30 2018,2790,1414,4204,648686,652890
Snohomish,November 30 2019,3942,1705,5647,658515,664162
Snohomish,November 30 2020,4955,1821,6776,663456,670232
Snohomish,November 30 2021,6839,2227,9066,663968,673034
Snohomish,November 30 2022,9961,2716,12677,653362,666039
Snohomish,October 31 2017,1948,998,2946,636672,639618
Snohomish,October 31 2018,2638,1377,4015,647767,651782
Snohomish,October 31 2019,3896,1682,5578,658068,663646
Snohomish,October 31 2020,4830,1814,6644,663097,669741
Snohomish,October 31 2021,6656,2195,8851,664462,673313
Snohomish,October 31 2022,9507,2669,12176,653728,665904
Snohomish,September 30 2017,1912,974,2886,635869,638755
Snohomish,September 30 2018,2517,1328,3845,646294,650139
Snohomish,September 30 2019,3739,1660,5399,656835,662234
Snohomish,September 30 2020,4693,1806,6499,662083,668582
Snohomish,September 30 2021,6456,2162,8618,665341,673959
Snohomish,September 30 2022,9129,2623,11752,654100,665852
Snohomish,September 30 2023,14335,3237,17572,627630,645202
Spokane,April 30 2017,237,208,445,386000,386445
Spokane,April 30 2018,319,288,607,393958,394565
Spokane,April 30 2019,512,407,919,403932,404851
Spokane,April 30 2020,711,473,1184,413661,414845
Spokane,April 30 2021,999,610,1609,426742,428351
Spokane,April 30 2022,1510,810,2320,428046,430366
Spokane,April 30 2023,2198,1033,3231,423650,426881
Spokane,August 31 2017,269,220,489,388390,388879
Spokane,August 31 2018,361,336,697,397742,398439
Spokane,August 31 2019,575,439,1014,408642,409656
Spokane,August 31 2020,781,504,1285,416876,418161
Spokane,August 31 2021,1157,684,1841,428424,430265
Spokane,August 31 2022,1752,881,2633,426527,429160
Spokane,August 31 2023,2491,1181,3672,418441,422113
Spokane,December 31 2017,298,240,538,391664,392202
Spokane,December 31 2018,439,373,812,400913,401725
Spokane,December 31 2019,643,471,1114,411408,412522
Spokane,December 31 2020,885,546,1431,421754,423185
Spokane,December 31 2021,1309,758,2067,430075,432142
Spokane,December 31 2022,1959,932,2891,426415,429306
Spokane,February 28 2017,227,196,423,385252,385675
Spokane,February 28 2018,307,263,570,392228,392798
Spokane,February 28 2019,481,386,867,401100,401967
Spokane,February 28 2021,922,559,1481,422355,423836
Spokane,February 28 2022,1391,784,2175,428731,430906
Spokane,February 28 2023,2067,983,3050,425909,428959
Spokane,February 29 2020,696,469,1165,414685,415850
Spokane,January 31 2017,222,196,418,386438,386856
Spokane,January 31 2018,301,255,556,392512,393068
Spokane,January 31 2019,471,380,851,401528,402379
Spokane,January 31 2020,684,467,1151,413623,414774
Spokane,January 31 2021,909,550,1459,421810,423269
Spokane,January 31 2022,1349,766,2115,429216,431331
Spokane,January 31 2023,2017,953,2970,426386,429356
Spokane,July 31 2017,263,213,476,387381,387857
Spokane,July 31 2018,348,320,668,396857,397525
Spokane,July 31 2019,557,435,992,407934,408926
Spokane,July 31 2020,753,490,1243,415373,416616
Spokane,July 31 2021,1118,653,1771,428309,430080
Spokane,July 31 2022,1683,864,2547,426673,429220
Spokane,July 31 2023,2409,1137,3546,421105,424651
Spokane,June 30 2017,254,208,462,387421,387883
Spokane,June 30 2018,341,316,657,395742,396399
Spokane,June 30 2019,539,433,972,406633,407605
Spokane,June 30 2020,730,486,1216,413739,414955
Spokane,June 30 2021,1068,646,1714,428740,430454
Spokane,June 30 2022,1602,848,2450,427568,430018
Spokane,June 30 2023,2351,1097,3448,422901,426349
Spokane,March 31 2017,233,202,435,385698,386133
Spokane,March 31 2018,305,273,578,393154,393732
Spokane,March 31 2019,491,393,884,401770,402654
Spokane,March 31 2020,704,473,1177,415406,416583
Spokane,March 31 2021,951,583,1534,424044,425578
Spokane,March 31 2022,1442,799,2241,428232,430473
Spokane,March 31 2023,2131,1005,3136,424344,427480
Spokane,May 31 2017,246,211,457,386698,387155
Spokane,May 31 2018,325,302,627,394803,395430
Spokane,May 31 2019,529,422,951,405506,406457
Spokane,May 31 2020,721,479,1200,412668,413868
Spokane,May 31 2021,1029,623,1652,427598,429250
Spokane,May 31 2022,1543,832,2375,427471,429846
Spokane,May 31 2023,2272,1063,3335,423545,426880
Spokane,November 30 2017,292,239,531,391042,391573
Spokane,November 30 2018,408,358,766,400535,401301
Spokane,November 30 2019,631,470,1101,410816,411917
Spokane,November 30 2020,858,541,1399,420586,421985
Spokane,November 30 2021,1261,748,2009,429662,431671
Spokane,November 30 2022,1913,915,2828,426513,429341
Spokane,October 31 2017,287,238,525,390218,390743
Spokane,October 31 2018,383,352,735,399611,400346
Spokane,October 31 2019,616,464,1080,410392,411472
Spokane,October 31 2020,827,524,1351,419894,421245
Spokane,October 31 2021,1217,727,1944,429017,430961
Spokane,October 31 2022,1849,910,2759,426459,429218
Spokane,September 30 2017,277,229,506,389304,389810
Spokane,September 30 2018,360,344,704,398302,399006
Spokane,September 30 2019,596,445,1041,409284,410325
Spokane,September 30 2020,797,512,1309,418580,419889
Spokane,September 30 2021,1186,703,1889,428681,430570
Spokane,September 30 2022,1780,889,2669,426479,429148
Spokane,September 30 2023,2561,1221,3782,411747,415529
Stevens,April 30 2017,8,22,30,49513,49543
Stevens,April 30 2018,10,24,34,50092,50126
Stevens,April 30 2019,19,27,46,50311,50357
Stevens,April 30 2020,33,33,66,49573,49639
Stevens,April 30 2021,40,43,83,49447,49530
Stevens,April 30 2022,64,52,116,49099,49215
Stevens,April 30 2023,108,62,170,48524,48694
Stevens,August 31 2017,8,22,30,49726,49756
Stevens,August 31 2018,12,26,38,50358,50396
Stevens,August 31 2019,22,29,51,50413,50464
Stevens,August 31 2020,35,36,71,49139,49210
Stevens,August 31 2021,48,44,92,49192,49284
Stevens,August 31 2022,77,56,133,48947,49080
Stevens,August 31 2023,124,70,194,47563,47757
Stevens,December 31 2017,10,21,31,49908,49939
Stevens,December 31 2018,16,27,43,50541,50584
Stevens,December 31 2019,31,31,62,50362,50424
Stevens,December 31 2020,36,40,76,48941,49017
Stevens,December 31 2021,55,44,99,49221,49320
Stevens,December 31 2022,91,56,147,48836,48983
Stevens,February 28 2017,6,21,27,49645,49672
Stevens,February 28 2018,10,21,31,49914,49945
Stevens,February 28 2019,18,28,46,50482,50528
Stevens,February 28 2021,38,42,80,48939,49019
Stevens,February 28 2022,58,47,105,49069,49174
Stevens,February 28 2023,100,58,158,48753,48911
Stevens,February 29 2020,33,33,66,50192,50258
Stevens,January 31 2017,6,21,27,49864,49891
Stevens,January 31 2018,10,22,32,49985,50017
Stevens,January 31 2019,18,28,46,50575,50621
Stevens,January 31 2020,33,32,65,50280,50345
Stevens,January 31 2021,37,40,77,49016,49093
Stevens,January 31 2022,58,47,105,49118,49223
Stevens,January 31 2023,97,57,154,48745,48899
Stevens,July 31 2017,8,23,31,49600,49631
Stevens,July 31 2018,11,25,36,50296,50332
Stevens,July 31 2019,19,30,49,50414,50463
Stevens,July 31 2020,37,35,72,49291,49363
Stevens,July 31 2021,49,46,95,49316,49411
Stevens,July 31 2022,73,54,127,48965,49092
Stevens,July 31 2023,119,69,188,47967,48155
Stevens,June 30 2017,8,23,31,49651,49682
Stevens,June 30 2018,11,25,36,50242,50278
Stevens,June 30 2019,19,31,50,50343,50393
Stevens,June 30 2020,36,33,69,49290,49359
Stevens,June 30 2021,45,45,90,49419,49509
Stevens,June 30 2022,68,54,122,49098,49220
Stevens,June 30 2023,113,68,181,48237,48418
Stevens,March 31 2017,6,20,26,49587,49613
Stevens,March 31 2018,9,21,30,50025,50055
Stevens,March 31 2019,18,27,45,50330,50375
Stevens,March 31 2020,33,33,66,49955,50021
Stevens,March 31 2021,38,43,81,49105,49186
Stevens,March 31 2022,60,50,110,49075,49185
Stevens,March 31 2023,104,60,164,48612,48776
Stevens,May 31 2017,8,23,31,49577,49608
Stevens,May 31 2018,11,25,36,50150,50186
Stevens,May 31 2019,20,29,49,50345,50394
Stevens,May 31 2020,34,33,67,49326,49393
Stevens,May 31 2021,42,45,87,49508,49595
Stevens,May 31 2022,64,54,118,49036,49154
Stevens,May 31 2023,110,64,174,48428,48602
Stevens,November 30 2017,10,21,31,49883,49914
Stevens,November 30 2018,16,27,43,50513,50556
Stevens,November 30 2019,31,30,61,50394,50455
Stevens,November 30 2020,36,39,75,48936,49011
Stevens,November 30 2021,54,43,97,49230,49327
Stevens,November 30 2022,89,56,145,48915,49060
Stevens,October 31 2017,9,22,31,49832,49863
Stevens,October 31 2018,14,28,42,50522,50564
Stevens,October 31 2019,29,28,57,50389,50446
Stevens,October 31 2020,36,39,75,49056,49131
Stevens,October 31 2021,52,43,95,49125,49220
Stevens,October 31 2022,85,56,141,48926,49067
Stevens,September 30 2017,8,22,30,49793,49823
Stevens,September 30 2018,13,27,40,50373,50413
Stevens,September 30 2019,27,28,55,50415,50470
Stevens,September 30 2020,35,38,73,49114,49187
Stevens,September 30 2021,51,42,93,49211,49304
Stevens,September 30 2022,82,56,138,48976,49114
Stevens,September 30 2023,123,70,193,46666,46859
Thurston,April 30 2017,385,319,704,238969,239673
Thurston,April 30 2018,523,444,967,245854,246821
Thurston,April 30 2019,821,613,1434,251769,253203
Thurston,April 30 2020,1141,729,1870,252948,254818
Thurston,April 30 2021,1494,834,2328,254707,257035
Thurston,April 30 2022,2075,1015,3090,250462,253552
Thurston,April 30 2023,2976,1193,4169,244623,248792
Thurston,August 31 2017,421,359,780,241198,241978
Thurston,August 31 2018,603,517,1120,248799,249919
Thurston,August 31 2019,927,660,1587,253778,255365
Thurston,August 31 2020,1194,752,1946,253020,254966
Thurston,August 31 2021,1715,906,2621,254089,256710
Thurston,August 31 2022,2343,1086,3429,248146,251575
Thurston,August 31 2023,3422,1269,4691,240372,245063
Thurston,December 31 2017,470,391,861,243795,244656
Thurston,December 31 2018,739,572,1311,250448,251759
Thurston,December 31 2019,1052,700,1752,254920,256672
Thurston,December 31 2020,1321,780,2101,253718,255819
Thurston,December 31 2021,1867,964,2831,252760,255591
Thurston,December 31 2022,2666,1133,3799,246889,250688
Thurston,February 28 2017,351,309,660,238232,238892
Thurston,February 28 2018,492,414,906,244667,245573
Thurston,February 28 2019,782,594,1376,250770,252146
Thurston,February 28 2021,1383,811,2194,253603,255797
Thurston,February 28 2022,1973,990,2963,251755,254718
Thurston,February 28 2023,2824,1153,3977,246054,250031
Thurston,February 29 2020,1109,724,1833,254659,256492
Thurston,January 31 2017,336,299,635,238290,238925
Thurston,January 31 2018,487,407,894,244550,245444
Thurston,January 31 2019,771,590,1361,250943,252304
Thurston,January 31 2020,1093,718,1811,255013,256824
Thurston,January 31 2021,1350,796,2146,253828,255974
Thurston,January 31 2022,1923,973,2896,252284,255180
Thurston,January 31 2023,2745,1144,3889,246547,250436
Thurston,July 31 2017,418,350,768,240351,241119
Thurston,July 31 2018,577,497,1074,248152,249226
Thurston,July 31 2019,905,652,1557,253396,254953
Thurston,July 31 2020,1175,743,1918,253003,254921
Thurston,July 31 2021,1660,892,2552,254259,256811
Thurston,July 31 2022,2249,1065,3314,248798,252112
Thurston,July 31 2023,3253,1247,4500,242251,246751
Thurston,June 30 2017,398,336,734,239937,240671
Thurston,June 30 2018,572,481,1053,247345,248398
Thurston,June 30 2019,875,639,1514,252798,254312
Thurston,June 30 2020,1143,735,1878,252599,254477
Thurston,June 30 2021,1585,872,2457,254619,257076
Thurston,June 30 2022,2188,1055,3243,249780,253023
Thurston,June 30 2023,3172,1233,4405,243300,247705
Thurston,March 31 2017,365,313,678,238714,239392
Thurston,March 31 2018,518,432,950,245153,246103
Thurston,March 31 2019,802,598,1400,251104,252504
Thurston,March 31 2020,1131,727,1858,254253,256111
Thurston,March 31 2021,1432,824,2256,253911,256167
Thurston,March 31 2022,2030,1000,3030,251054,254084
Thurston,March 31 2023,2885,1177,4062,245249,249311
Thurston,May 31 2017,390,334,724,239296,240020
Thurston,May 31 2018,548,468,1016,246574,247590
Thurston,May 31 2019,844,630,1474,252200,253674
Thurston,May 31 2020,1136,732,1868,252271,254139
Thurston,May 31 2021,1543,852,2395,254649,257044
Thurston,May 31 2022,2130,1028,3158,249816,252974
Thurston,May 31 2023,3100,1209,4309,243968,248277
Thurston,November 30 2017,457,380,837,243191,244028
Thurston,November 30 2018,707,567,1274,250353,251627
Thurston,November 30 2019,1035,699,1734,254742,256476
Thurston,November 30 2020,1290,763,2053,253437,255490
Thurston,November 30 2021,1845,949,2794,253174,255968
Thurston,November 30 2022,2588,1115,3703,247250,250953
Thurston,October 31 2017,442,371,813,242440,243253
Thurston,October 31 2018,663,552,1215,249849,251064
Thurston,October 31 2019,1005,685,1690,254712,256402
Thurston,October 31 2020,1254,761,2015,253533,255548
Thurston,October 31 2021,1802,921,2723,253310,256033
Thurston,October 31 2022,2499,1109,3608,247508,251116
Thurston,September 30 2017,435,363,798,241741,242539
Thurston,September 30 2018,621,527,1148,249226,250374
Thurston,September 30 2019,953,671,1624,254095,255719
Thurston,September 30 2020,1211,753,1964,253287,255251
Thurston,September 30 2021,1750,908,2658,253773,256431
Thurston,September 30 2022,2402,1102,3504,247813,251317
Thurston,September 30 2023,3465,1276,4741,236330,241071
Wahkiakum,April 30 2017,0,2,2,4479,4481
Wahkiakum,April 30 2018,1,3,4,4555,4559
Wahkiakum,April 30 2019,1,1,2,4746,4748
Wahkiakum,April 30 2020,6,5,11,4732,4743
Wahkiakum,April 30 2021,11,6,17,4919,4936
Wahkiakum,April 30 2022,20,11,31,4893,4924
Wahkiakum,April 30 2023,29,16,45,4832,4877
Wahkiakum,August 31 2017,0,2,2,4489,4491
Wahkiakum,August 31 2018,1,1,2,4651,4653
Wahkiakum,August 31 2019,2,2,4,4789,4793
Wahkiakum,August 31 2020,6,6,12,4772,4784
Wahkiakum,August 31 2021,16,8,24,4879,4903
Wahkiakum,August 31 2022,25,12,37,4879,4916
Wahkiakum,August 31 2023,31,18,49,4741,4790
Wahkiakum,December 31 2017,0,2,2,4530,4532
Wahkiakum,December 31 2018,1,1,2,4700,4702
Wahkiakum,December 31 2019,4,3,7,4795,4802
Wahkiakum,December 31 2020,6,7,13,4805,4818
Wahkiakum,December 31 2021,17,10,27,4904,4931
Wahkiakum,December 31 2022,27,13,40,4819,4859
Wahkiakum,February 28 2017,0,1,1,4468,4469
Wahkiakum,February 28 2018,0,2,2,4533,4535
Wahkiakum,February 28 2019,1,1,2,4739,4741
Wahkiakum,February 28 2021,8,6,14,4826,4840
Wahkiakum,February 28 2022,17,11,28,4908,4936
Wahkiakum,February 28 2023,27,15,42,4837,4879
Wahkiakum,February 29 2020,5,5,10,4779,4789
Wahkiakum,January 31 2017,0,1,1,4485,4486
Wahkiakum,January 31 2018,0,2,2,4525,4527
Wahkiakum,January 31 2019,1,1,2,4716,4718
Wahkiakum,January 31 2020,4,5,9,4793,4802
Wahkiakum,January 31 2021,7,6,13,4808,4821
Wahkiakum,January 31 2022,17,11,28,4889,4917
Wahkiakum,January 31 2023,26,15,41,4840,4881
Wahkiakum,July 31 2017,0,2,2,4495,4497
Wahkiakum,July 31 2018,1,1,2,4618,4620
Wahkiakum,July 31 2019,2,2,4,4768,4772
Wahkiakum,July 31 2020,6,6,12,4742,4754
Wahkiakum,July 31 2021,15,8,23,4883,4906
Wahkiakum,July 31 2022,24,12,36,4869,4905
Wahkiakum,July 31 2023,30,17,47,4768,4815
Wahkiakum,June 30 2017,0,2,2,4476,4478
Wahkiakum,June 30 2018,1,2,3,4589,4592
Wahkiakum,June 30 2019,2,2,4,4764,4768
Wahkiakum,June 30 2020,6,6,12,4727,4739
Wahkiakum,June 30 2021,15,8,23,4905,4928
Wahkiakum,June 30 2022,23,11,34,4873,4907
Wahkiakum,June 30 2023,29,17,46,4792,4838
Wahkiakum,March 31 2017,0,2,2,4484,4486
Wahkiakum,March 31 2018,1,2,3,4539,4542
Wahkiakum,March 31 2019,1,1,2,4732,4734
Wahkiakum,March 31 2020,6,5,11,4765,4776
Wahkiakum,March 31 2021,9,7,16,4871,4887
Wahkiakum,March 31 2022,18,11,29,4888,4917
Wahkiakum,March 31 2023,27,16,43,4842,4885
Wahkiakum,May 31 2017,0,2,2,4480,4482
Wahkiakum,May 31 2018,1,2,3,4575,4578
Wahkiakum,May 31 2019,2,2,4,4759,4763
Wahkiakum,May 31 2020,6,6,12,4723,4735
Wahkiakum,May 31 2021,13,7,20,4911,4931
Wahkiakum,May 31 2022,22,10,32,4887,4919
Wahkiakum,May 31 2023,28,17,45,4792,4837
Wahkiakum,November 30 2017,0,2,2,4529,4531
Wahkiakum,November 30 2018,1,1,2,4687,4689
Wahkiakum,November 30 2019,4,3,7,4789,4796
Wahkiakum,November 30 2020,6,6,12,4804,4816
Wahkiakum,November 30 2021,17,10,27,4906,4933
Wahkiakum,November 30 2022,26,13,39,4843,4882
Wahkiakum,October 31 2017,0,2,2,4521,4523
Wahkiakum,October 31 2018,1,1,2,4684,4686
Wahkiakum,October 31 2019,4,3,7,4801,4808
Wahkiakum,October 31 2020,6,6,12,4798,4810
Wahkiakum,October 31 2021,17,8,25,4890,4915
Wahkiakum,October 31 2022,25,12,37,4860,4897
Wahkiakum,September 30 2017,0,2,2,4503,4505
Wahkiakum,September 30 2018,1,1,2,4670,4672
Wahkiakum,September 30 2019,2,3,5,4809,4814
Wahkiakum,September 30 2020,6,6,12,4774,4786
Wahkiakum,September 30 2021,16,8,24,4884,4908
Wahkiakum,September 30 2022,25,12,37,4877,4914
Wahkiakum,September 30 2023,32,19,51,4670,4721
Walla Walla,April 30 2017,22,24,46,48005,48051
Walla Walla,April 30 2018,34,40,74,48782,48856
Walla Walla,April 30 2019,46,57,103,49737,49840
Walla Walla,April 30 2020,69,63,132,49618,49750
Walla Walla,April 30 2021,108,71,179,50572,50751
Walla Walla,April 30 2022,163,91,254,50052,50306
Walla Walla,April 30 2023,218,114,332,49159,49491
Walla Walla,August 31 2017,27,27,54,48168,48222
Walla Walla,August 31 2018,34,48,82,49366,49448
Walla Walla,August 31 2019,56,63,119,49879,49998
Walla Walla,August 31 2020,81,65,146,49637,49783
Walla Walla,August 31 2021,121,82,203,50554,50757
Walla Walla,August 31 2022,181,103,284,49723,50007
Walla Walla,August 31 2023,239,116,355,48291,48646
Walla Walla,December 31 2017,29,32,61,48575,48636
Walla Walla,December 31 2018,41,52,93,49616,49709
Walla Walla,December 31 2019,63,60,123,49966,50089
Walla Walla,December 31 2020,98,67,165,50002,50167
Walla Walla,December 31 2021,143,86,229,50464,50693
Walla Walla,December 31 2022,204,105,309,49587,49896
Walla Walla,February 28 2017,17,21,38,47942,47980
Walla Walla,February 28 2018,31,35,66,48705,48771
Walla Walla,February 28 2019,43,54,97,49605,49702
Walla Walla,February 28 2021,105,69,174,50039,50213
Walla Walla,February 28 2022,152,90,242,50299,50541
Walla Walla,February 28 2023,209,107,316,49539,49855
Walla Walla,February 29 2020,68,62,130,50010,50140
Walla Walla,January 31 2017,16,21,37,48032,48069
Walla Walla,January 31 2018,30,33,63,48692,48755
Walla Walla,January 31 2019,42,54,96,49669,49765
Walla Walla,January 31 2020,65,61,126,50057,50183
Walla Walla,January 31 2021,103,68,171,50059,50230
Walla Walla,January 31 2022,146,88,234,50388,50622
Walla Walla,January 31 2023,206,106,312,49646,49958
Walla Walla,July 31 2017,27,26,53,48062,48115
Walla Walla,July 31 2018,34,44,78,49203,49281
Walla Walla,July 31 2019,52,61,113,49821,49934
Walla Walla,July 31 2020,77,65,142,49656,49798
Walla Walla,July 31 2021,115,76,191,50618,50809
Walla Walla,July 31 2022,176,98,274,49738,50012
Walla Walla,July 31 2023,230,114,344,48655,48999
Walla Walla,June 30 2017,25,26,51,48047,48098
Walla Walla,June 30 2018,34,43,77,49073,49150
Walla Walla,June 30 2019,49,61,110,49775,49885
Walla Walla,June 30 2020,73,62,135,49573,49708
Walla Walla,June 30 2021,113,74,187,50687,50874
Walla Walla,June 30 2022,172,100,272,49844,50116
Walla Walla,June 30 2023,225,110,335,48984,49319
Walla Walla,March 31 2017,20,22,42,48007,48049
Walla Walla,March 31 2018,32,36,68,48769,48837
Walla Walla,March 31 2019,44,56,100,49616,49716
Walla Walla,March 31 2020,68,63,131,49880,50011
Walla Walla,March 31 2021,107,72,179,50250,50429
Walla Walla,March 31 2022,157,90,247,50144,50391
Walla Walla,March 31 2023,214,111,325,49330,49655
Walla Walla,May 31 2017,23,24,47,48041,48088
Walla Walla,May 31 2018,34,42,76,48955,49031
Walla Walla,May 31 2019,46,57,103,49773,49876
Walla Walla,May 31 2020,70,62,132,49486,49618
Walla Walla,May 31 2021,110,72,182,50594,50776
Walla Walla,May 31 2022,171,96,267,49937,50204
Walla Walla,May 31 2023,220,114,334,49120,49454
Walla Walla,November 30 2017,29,31,60,48547,48607
Walla Walla,November 30 2018,38,52,90,49606,49696
Walla Walla,November 30 2019,64,61,125,49953,50078
Walla Walla,November 30 2020,95,66,161,49882,50043
Walla Walla,November 30 2021,137,84,221,50470,50691
Walla Walla,November 30 2022,204,107,311,49629,49940
Walla Walla,October 31 2017,28,28,56,48401,48457
Walla Walla,October 31 2018,36,50,86,49497,49583
Walla Walla,October 31 2019,62,62,124,49994,50118
Walla Walla,October 31 2020,86,65,151,49808,49959
Walla Walla,October 31 2021,132,81,213,50410,50623
Walla Walla,October 31 2022,193,106,299,49661,49960
Walla Walla,September 30 2017,27,28,55,48277,48332
Walla Walla,September 30 2018,36,50,86,49413,49499
Walla Walla,September 30 2019,59,63,122,49938,50060
Walla Walla,September 30 2020,86,62,148,49729,49877
Walla Walla,September 30 2021,128,81,209,50512,50721
Walla Walla,September 30 2022,189,104,293,49769,50062
Walla Walla,September 30 2023,249,118,367,47560,47927
Whatcom,April 30 2017,443,159,602,183904,184506
Whatcom,April 30 2018,595,269,864,188731,189595
Whatcom,April 30 2019,825,394,1219,192844,194063
Whatcom,April 30 2020,1061,490,1551,192953,194504
Whatcom,April 30 2021,1359,582,1941,195009,196950
Whatcom,April 30 2022,1779,717,2496,192498,194994
Whatcom,April 30 2023,2389,859,3248,190447,193695
Whatcom,August 31 2017,483,182,665,185323,185988
Whatcom,August 31 2018,655,321,976,190650,191626
Whatcom,August 31 2019,904,450,1354,194194,195548
Whatcom,August 31 2020,1114,512,1626,192464,194090
Whatcom,August 31 2021,1524,628,2152,194333,196485
Whatcom,August 31 2022,1928,766,2694,191994,194688
Whatcom,August 31 2023,2705,922,3627,187565,191192
Whatcom,December 31 2017,533,227,760,187208,187968
Whatcom,December 31 2018,759,371,1130,192101,193231
Whatcom,December 31 2019,989,477,1466,194876,196342
Whatcom,December 31 2020,1221,550,1771,193566,195337
Whatcom,December 31 2021,1647,673,2320,193650,195970
Whatcom,December 31 2022,2141,809,2950,191943,194893
Whatcom,February 28 2017,403,146,549,183210,183759
Whatcom,February 28 2018,557,249,806,187616,188422
Whatcom,February 28 2019,787,380,1167,192340,193507
Whatcom,February 28 2021,1280,572,1852,193661,195513
Whatcom,February 28 2022,1694,685,2379,192918,195297
Whatcom,February 28 2023,2265,826,3091,191644,194735
Whatcom,February 29 2020,1045,486,1531,194743,196274
Whatcom,January 31 2017,385,141,526,183218,183744
Whatcom,January 31 2018,549,238,787,187577,188364
Whatcom,January 31 2019,780,375,1155,192439,193594
Whatcom,January 31 2020,1035,486,1521,195008,196529
Whatcom,January 31 2021,1256,564,1820,193679,195499
Whatcom,January 31 2022,1668,673,2341,193101,195442
Whatcom,January 31 2023,2198,821,3019,191779,194798
Whatcom,July 31 2017,476,179,655,184843,185498
Whatcom,July 31 2018,639,318,957,190292,191249
Whatcom,July 31 2019,885,436,1321,194035,195356
Whatcom,July 31 2020,1094,499,1593,192473,194066
Whatcom,July 31 2021,1479,618,2097,194504,196601
Whatcom,July 31 2022,1875,754,2629,191979,194608
Whatcom,July 31 2023,2615,899,3514,188997,192511
Whatcom,June 30 2017,464,175,639,184678,185317
Whatcom,June 30 2018,633,301,934,189938,190872
Whatcom,June 30 2019,855,428,1283,193611,194894
Whatcom,June 30 2020,1067,498,1565,192237,193802
Whatcom,June 30 2021,1423,602,2025,194734,196759
Whatcom,June 30 2022,1821,737,2558,192335,194893
Whatcom,June 30 2023,2541,876,3417,189720,193137
Whatcom,March 31 2017,418,156,574,183622,184196
Whatcom,March 31 2018,576,260,836,188184,189020
Whatcom,March 31 2019,794,386,1180,192460,193640
Whatcom,March 31 2020,1060,490,1550,194226,195776
Whatcom,March 31 2021,1302,576,1878,194213,196091
Whatcom,March 31 2022,1739,695,2434,192742,195176
Whatcom,March 31 2023,2326,838,3164,190615,193779
Whatcom,May 31 2017,457,167,624,184199,184823
Whatcom,May 31 2018,614,281,895,189383,190278
Whatcom,May 31 2019,839,413,1252,193255,194507
Whatcom,May 31 2020,1063,496,1559,192128,193687
Whatcom,May 31 2021,1390,596,1986,194842,196828
Whatcom,May 31 2022,1804,729,2533,192267,194800
Whatcom,May 31 2023,2445,869,3314,190188,193502
Whatcom,November 30 2017,525,214,739,186584,187323
Whatcom,November 30 2018,732,355,1087,191782,192869
Whatcom,November 30 2019,966,470,1436,194725,196161
Whatcom,November 30 2020,1206,534,1740,193211,194951
Whatcom,November 30 2021,1615,660,2275,193890,196165
Whatcom,November 30 2022,2079,800,2879,191923,194802
Whatcom,October 31 2017,512,202,714,186189,186903
Whatcom,October 31 2018,702,341,1043,191355,192398
Whatcom,October 31 2019,951,470,1421,194558,195979
Whatcom,October 31 2020,1172,531,1703,193119,194822
Whatcom,October 31 2021,1585,646,2231,194172,196403
Whatcom,October 31 2022,2014,786,2800,191821,194621
Whatcom,September 30 2017,498,190,688,185695,186383
Whatcom,September 30 2018,668,335,1003,190931,191934
Whatcom,September 30 2019,924,460,1384,194352,195736
Whatcom,September 30 2020,1143,525,1668,192775,194443
Whatcom,September 30 2021,1544,641,2185,194329,196514
Whatcom,September 30 2022,1966,772,2738,191875,194613
Whatcom,September 30 2023,2752,939,3691,184461,188152
Whitman,April 30 2017,9,19,28,30343,30371
Whitman,April 30 2018,20,24,44,31019,31063
Whitman,April 30 2019,29,45,74,31226,31300
Whitman,April 30 2020,44,48,92,30842,30934
Whitman,April 30 2021,59,44,103,30550,30653
Whitman,April 30 2022,83,56,139,30627,30766
Whitman,April 30 2023,142,73,215,30580,30795
Whitman,August 31 2017,11,22,33,30577,30610
Whitman,August 31 2018,20,30,50,31187,31237
Whitman,August 31 2019,34,44,78,31336,31414
Whitman,August 31 2020,46,48,94,30499,30593
Whitman,August 31 2021,63,52,115,30493,30608
Whitman,August 31 2022,96,62,158,30544,30702
Whitman,August 31 2023,175,81,256,30238,30494
Whitman,December 31 2017,17,20,37,30876,30913
Whitman,December 31 2018,24,38,62,31353,31415
Whitman,December 31 2019,42,46,88,31256,31344
Whitman,December 31 2020,51,44,95,30410,30505
Whitman,December 31 2021,67,59,126,30526,30652
Whitman,December 31 2022,113,67,180,30620,30800
Whitman,February 28 2017,8,18,26,30337,30363
Whitman,February 28 2018,18,21,39,30984,31023
Whitman,February 28 2019,25,40,65,31245,31310
Whitman,February 28 2021,53,46,99,30365,30464
Whitman,February 28 2022,70,56,126,30588,30714
Whitman,February 28 2023,128,71,199,30694,30893
Whitman,February 29 2020,42,48,90,31174,31264
Whitman,January 31 2017,8,19,27,30338,30365
Whitman,January 31 2018,18,20,38,30947,30985
Whitman,January 31 2019,24,40,64,31357,31421
Whitman,January 31 2020,42,48,90,31230,31320
Whitman,January 31 2021,51,46,97,30356,30453
Whitman,January 31 2022,69,58,127,30526,30653
Whitman,January 31 2023,123,70,193,30661,30854
Whitman,July 31 2017,12,19,31,30532,30563
Whitman,July 31 2018,19,28,47,31156,31203
Whitman,July 31 2019,33,45,78,31328,31406
Whitman,July 31 2020,45,49,94,30630,30724
Whitman,July 31 2021,61,49,110,30525,30635
Whitman,July 31 2022,90,60,150,30513,30663
Whitman,July 31 2023,164,80,244,30418,30662
Whitman,June 30 2017,10,20,30,30467,30497
Whitman,June 30 2018,19,28,47,31096,31143
Whitman,June 30 2019,31,46,77,31293,31370
Whitman,June 30 2020,44,48,92,30647,30739
Whitman,June 30 2021,58,47,105,30573,30678
Whitman,June 30 2022,88,60,148,30568,30716
Whitman,June 30 2023,154,80,234,30528,30762
Whitman,March 31 2017,9,18,27,30326,30353
Whitman,March 31 2018,18,23,41,30943,30984
Whitman,March 31 2019,27,41,68,31215,31283
Whitman,March 31 2020,42,46,88,31031,31119
Whitman,March 31 2021,54,44,98,30481,30579
Whitman,March 31 2022,79,54,133,30623,30756
Whitman,March 31 2023,135,72,207,30640,30847
Whitman,May 31 2017,10,20,30,30382,30412
Whitman,May 31 2018,19,27,46,31049,31095
Whitman,May 31 2019,31,45,76,31256,31332
Whitman,May 31 2020,45,48,93,30687,30780
Whitman,May 31 2021,60,44,104,30581,30685
Whitman,May 31 2022,84,58,142,30579,30721
Whitman,May 31 2023,148,76,224,30551,30775
Whitman,November 30 2017,16,19,35,30822,30857
Whitman,November 30 2018,20,35,55,31326,31381
Whitman,November 30 2019,41,46,87,31284,31371
Whitman,November 30 2020,51,44,95,30448,30543
Whitman,November 30 2021,66,58,124,30503,30627
Whitman,November 30 2022,112,65,177,30595,30772
Whitman,October 31 2017,12,20,32,30737,30769
Whitman,October 31 2018,19,33,52,31276,31328
Whitman,October 31 2019,38,45,83,31311,31394
Whitman,October 31 2020,50,46,96,30466,30562
Whitman,October 31 2021,63,58,121,30476,30597
Whitman,October 31 2022,106,65,171,30559,30730
Whitman,September 30 2017,12,22,34,30619,30653
Whitman,September 30 2018,20,32,52,31207,31259
Whitman,September 30 2019,36,45,81,31312,31393
Whitman,September 30 2020,47,47,94,30491,30585
Whitman,September 30 2021,64,56,120,30476,30596
Whitman,September 30 2022,98,64,162,30547,30709
Whitman,September 30 2023,181,84,265,29814,30079
Yakima,April 30 2017,38,54,92,216497,216589
Yakima,April 30 2018,62,84,146,221447,221593
Yakima,April 30 2019,93,103,196,223558,223754
Yakima,April 30 2020,130,115,245,224766,225011
Yakima,April 30 2021,207,139,346,230859,231205
Yakima,April 30 2022,318,183,501,228924,229425
Yakima,April 30 2023,479,241,720,226773,227493
Yakima,August 31 2017,54,67,121,217783,217904
Yakima,August 31 2018,67,92,159,222823,222982
Yakima,August 31 2019,112,108,220,225017,225237
Yakima,August 31 2020,147,122,269,226532,226801
Yakima,August 31 2021,248,163,411,230667,231078
Yakima,August 31 2022,365,204,569,227869,228438
Yakima,August 31 2023,564,267,831,223279,224110
Yakima,December 31 2017,59,75,134,220076,220210
Yakima,December 31 2018,82,99,181,223604,223785
Yakima,December 31 2019,117,114,231,225908,226139
Yakima,December 31 2020,171,128,299,228260,228559
Yakima,December 31 2021,286,173,459,230538,230997
Yakima,December 31 2022,431,218,649,227640,228289
Yakima,February 28 2017,36,50,86,216344,216430
Yakima,February 28 2018,61,79,140,220449,220589
Yakima,February 28 2019,86,101,187,223256,223443
Yakima,February 28 2021,185,135,320,228633,228953
Yakima,February 28 2022,301,178,479,229655,230134
Yakima,February 28 2023,454,240,694,227444,228138
Yakima,February 29 2020,123,116,239,225572,225811
Yakima,January 31 2017,36,49,85,217262,217347
Yakima,January 31 2018,60,76,136,220609,220745
Yakima,January 31 2019,84,100,184,223854,224038
Yakima,January 31 2020,121,115,236,225876,226112
Yakima,January 31 2021,179,129,308,228634,228942
Yakima,January 31 2022,294,177,471,229890,230361
Yakima,January 31 2023,443,228,671,227684,228355
Yakima,July 31 2017,49,62,111,217115,217226
Yakima,July 31 2018,65,93,158,222504,222662
Yakima,July 31 2019,109,107,216,224649,224865
Yakima,July 31 2020,140,119,259,225959,226218
Yakima,July 31 2021,237,161,398,231014,231412
Yakima,July 31 2022,354,198,552,227988,228540
Yakima,July 31 2023,529,257,786,224997,225783
Yakima,June 30 2017,45,57,102,216746,216848
Yakima,June 30 2018,60,88,148,222260,222408
Yakima,June 30 2019,105,104,209,224277,224486
Yakima,June 30 2020,133,119,252,225236,225488
Yakima,June 30 2021,226,155,381,231041,231422
Yakima,June 30 2022,337,190,527,228406,228933
Yakima,June 30 2023,516,256,772,226047,226819
Yakima,March 31 2017,36,50,86,216488,216574
Yakima,March 31 2018,63,81,144,220992,221136
Yakima,March 31 2019,89,102,191,222944,223135
Yakima,March 31 2020,125,116,241,225424,225665
Yakima,March 31 2021,189,135,324,229598,229922
Yakima,March 31 2022,312,181,493,229270,229763
Yakima,March 31 2023,467,238,705,227121,227826
Yakima,May 31 2017,42,55,97,216651,216748
Yakima,May 31 2018,62,84,146,221976,222122
Yakima,May 31 2019,94,104,198,224091,224289
Yakima,May 31 2020,132,117,249,224579,224828
Yakima,May 31 2021,212,145,357,230963,231320
Yakima,May 31 2022,325,189,514,228483,228997
Yakima,May 31 2023,497,248,745,226426,227171
Yakima,November 30 2017,57,73,130,219534,219664
Yakima,November 30 2018,78,98,176,223430,223606
Yakima,November 30 2019,118,116,234,225582,225816
Yakima,November 30 2020,167,122,289,227764,228053
Yakima,November 30 2021,272,167,439,230346,230785
Yakima,November 30 2022,416,218,634,227724,228358
Yakima,October 31 2017,57,72,129,218812,218941
Yakima,October 31 2018,71,96,167,223173,223340
Yakima,October 31 2019,116,114,230,225393,225623
Yakima,October 31 2020,158,122,280,227564,227844
Yakima,October 31 2021,270,165,435,230492,230927
Yakima,October 31 2022,399,214,613,227623,228236
Yakima,September 30 2017,57,69,126,218315,218441
Yakima,September 30 2018,67,93,160,222926,223086
Yakima,September 30 2019,112,113,225,225049,225274
Yakima,September 30 2020,155,124,279,227049,227328
Yakima,September 30 2021,257,164,421,230683,231104
Yakima,September 30 2022,379,210,589,227903,228492
Yakima,September 30 2023,573,266,839,218822,219661
